      1991  1 1 0 631.40   18.068-105.847 35.0       5.500
      1991  1 1 21937.20   18.355-105.788 33.0       5.000
      1991  1 1 31935.20   17.951-105.852 36.0       5.300
      1991  1 1104252.20   22.604 144.626 25.0       5.200
      1991  1 112 629.70   36.410 141.327 58.0       5.100
      1991  1 1155014.60   55.167-158.388 33.0       5.200
      1991  1 11728 2.40  -21.208-174.149 29.0       5.700
      1991  1 1204053.60  -20.320-177.416487.0       5.100
      1991  1 2 25849.70   38.152  99.961 13.0       5.100
      1991  1 2 350 0.30  -11.425 166.588 33.0       5.000
      1991  1 2165811.80  -19.731 -70.703 46.0       5.000
      1991  1 3 0 351.90   -7.194 148.618 38.0       5.400
      1991  1 3 04010.80   -7.225 148.585 40.0       5.700
      1991  1 3 04657.60   -7.184 148.659 54.0       5.300
      1991  1 3 14125.70  -29.562-111.805 10.0       5.400
      1991  1 3 6 224.50  -14.844 168.022 41.0       5.100
      1991  1 3 916 0.70  -15.585 167.550130.0       5.000
      1991  1 3131849.20   -7.179 148.540 14.0       6.000
      1991  1 3132919.20   -7.171 148.441 39.0       5.700
      1991  1 3142056.40  -21.175-177.209295.0       5.000
      1991  1 3151044.50   -7.201 148.681 41.0       5.100
      1991  1 3151844.90   -7.324 148.578 25.0       5.700
      1991  1 318 118.30   -7.145 148.562 38.0       5.100
      1991  1 3183657.60   33.491 132.308 63.0       5.000
      1991  1 3192945.60   -7.190 148.521 38.0       5.200
      1991  1 3193355.70    0.642 -29.455 10.0       5.000
      1991  1 3203837.90    1.973 126.731 84.0       5.200
      1991  1 4 65626.70  -49.597 117.340 10.0       5.300
      1991  1 4152136.10  -23.367 -66.595206.0       5.000
      1991  1 4172615.40  -26.656-176.373 33.0       5.000
      1991  1 5 01610.30  -56.301 -27.014 33.0       5.100
      1991  1 5 4 949.80  -58.039 -25.296 33.0       5.300
      1991  1 5 91824.60   44.422 149.201 35.0       5.200
      1991  1 5133143.80  -36.941 -95.923 10.0       5.100
      1991  1 5145711.50   23.613  95.901 20.0       6.200
      1991  1 51545 0.00    5.328  94.145 36.0       5.100
      1991  1 516 414.10   24.012  95.978 32.0       5.200
      1991  1 51621 3.40   65.505-134.110 16.0       5.100
      1991  1 6 3 158.40    0.571  98.549 57.0       5.800
      1991  1 6163943.30  -22.886-179.384685.0       5.200
      1991  1 6171521.00   32.910 140.876 21.0       5.100
      1991  1 7 23212.20  -55.446  -1.689 10.0       5.600
      1991  1 7 65533.10  -55.357  -1.409 10.0       5.300
      1991  1 7105036.10   -0.171 122.818169.0       5.000
      1991  1 7111919.40   -7.523 127.668105.0       5.000
      1991  1 7172057.50  -23.515 178.925628.0       5.000
      1991  1 8 2 652.20   -4.186 145.866 33.0       5.200
      1991  1 8 94521.60    2.420 128.176 51.0       5.000
      1991  1 821 635.70    2.236  97.060 33.0       5.200
      1991  1 822 4 9.40  -18.057-173.534 33.0       6.100
      1991  1 9 84148.80   -5.502 151.899 41.0       5.300
      1991  1 9125337.50  -11.514 166.370 33.0       5.200
      1991  1 915 853.50   -5.396 151.837 28.0       5.900
      1991  1 9225911.00   -6.801 129.944 83.0       5.200
      1991  110 03938.80   -5.482 151.850 20.0       5.600
      1991  110 25451.30    1.353 126.161 33.0       5.000
      1991  110 341 2.60  -18.006-173.589 23.0       5.600
      1991  110 7 626.20    5.114  31.822 11.0       5.200
      1991  110135719.80   51.542 157.278 70.0       5.400
      1991  1101948 5.60   -5.475 151.932 54.0       5.200
      1991  111101523.40  -18.904-178.844502.0       5.300
      1991  111115449.70  -15.645-174.942234.0       5.000
      1991  11113 3 2.00   -5.456 151.945 33.0       5.000
      1991  11114 243.90   47.100 152.337 95.0       5.100
      1991  111165617.40  -17.297-176.956426.0       5.100
      1991  112 54533.20  -18.409-173.596 33.0       5.000
      1991  112 6 325.70  -18.043-173.530 33.0       5.400
      1991  113 8 841.10   -7.839 131.066 82.0       5.100
      1991  113101314.40    5.827  94.748 67.0       5.000
      1991  113115336.70   40.558 105.793 17.0       5.200
      1991  113115436.60   -2.928  84.566 10.0       5.900
      1991  11315 346.80  -17.892-178.526550.0       5.100
      1991  113173829.60  -18.234-178.031591.0       5.000
      1991  113204643.30   -1.875 136.908 33.0       5.100
      1991  114 22530.30   -6.518 154.919 28.0       5.300
      1991  114 318 5.10  -20.027 167.296 29.0       5.000
      1991  114 9 332.20  -14.972 167.345127.0       5.100
      1991  114141210.00  -25.187 178.314555.0       5.300
      1991  11415 938.50   -7.103 147.739 88.0       5.000
      1991  114153031.50  -50.944 162.180 33.0       5.000
      1991  1142111 4.20   18.029-101.700 31.0       5.300
      1991  115 14050.80  -23.168-179.685586.0       5.500
      1991  115 4 017.80   -7.180 149.219 49.0       5.100
      1991  115134347.50   -5.990 154.460 58.0       5.600
      1991  116 14033.80  -20.132 -68.638123.0       5.100
      1991  116191453.40  -25.229 178.269571.0       5.400
      1991  116225855.70  -23.181 -69.710 80.0       5.000
      1991  116232654.90  -34.992-104.400 10.0       5.000
      1991  11713 128.90  -51.443 140.564 10.0       5.000
      1991  117172252.40   23.686-108.877 10.0       5.200
      1991  117201131.20   -5.003 151.204144.0       5.600
      1991  117203153.40   24.037 122.600 21.0       5.400
      1991  118 13525.10   -2.173 134.197 33.0       4.900
      1991  118 13626.60   23.692 121.346 11.0       5.900
      1991  118 83836.20  -58.265 -25.332 33.0       5.100
      1991  118 9 820.30   15.092 147.649 26.0       5.200
      1991  11810 034.00  -21.110-178.494589.0       5.000
      1991  118104518.40  -51.145 139.415 10.0       5.700
      1991  118104956.90   23.747 121.290  9.0       5.000
      1991  1182228 4.80   -3.101 130.605 33.0       5.100
      1991  119 2 852.40   -3.410 -12.122 10.0       5.000
      1991  119 3 634.70   -4.903 131.552 18.0       5.100
      1991  11912 157.30  -59.049 -25.716 33.0       5.200
      1991  119133339.00  -31.455-178.323 33.0       5.400
      1991  119144717.80  -56.211 -25.659 33.0       5.400
      1991  1192144 0.60  -22.558-179.560600.0       5.000
      1991  119225626.00   -5.576 148.331163.0       5.900
      1991  119231149.50   -7.434 128.209146.0       5.300
      1991  120 0 954.10   -3.158 -12.278 10.0       5.300
      1991  12011 729.40   43.453 147.299 59.0       5.300
      1991  120113252.10  -21.235 170.029 78.0       5.800
      1991  120185433.60   23.836 121.663 21.0       5.000
      1991  121 02344.80   -1.879 100.400 68.0       5.000
      1991  121 552 5.00  -55.215-129.130 10.0       4.900
      1991  121 73657.10    8.439 127.631 33.0       5.100
      1991  12110 513.90  -28.192 -70.727 54.0       5.000
      1991  121165322.60    1.120 127.372159.0       5.300
      1991  12121 114.50   46.243 152.648 33.0       5.000
      1991  1212111 7.70   -6.991 154.665 44.0       5.000
      1991  122162740.50  -38.219 -73.342 10.0       5.100
      1991  122213932.40  -23.856 179.605503.0       5.300
      1991  123 11229.70   51.965 178.838108.0       5.700
      1991  123 6 7 8.20   24.733  95.232115.0       5.300
      1991  123151639.70   12.680 -86.272 15.0       5.100
      1991  1231819 0.80  -14.962 167.012118.0       5.000
      1991  12420 118.10    2.266 126.718 54.0       5.400
      1991  124213627.00   33.821 141.412 66.0       5.500
      1991  125173836.50   -2.152 139.020 22.0       5.900
      1991  125174016.40   -2.275 139.206 33.0       6.400
      1991  125174238.30   -2.180 139.140 33.0       5.400
      1991  125183826.30   -2.100 139.084 33.0       5.200
      1991  1252144 3.80   -2.087 139.028 33.0       5.100
      1991  125231545.00  -17.827-178.484603.0       5.100
      1991  126 01912.80   -3.515 102.630113.0       5.500
      1991  126 1 715.30   -2.092 139.135 33.0       5.000
      1991  126 814 7.10   37.066  71.045 55.0       5.000
      1991  126 856 2.00  -15.037-173.172 33.0       4.800
      1991  126212316.30  -30.496-177.495 43.0       5.600
      1991  127 62627.90  -10.767 164.277 33.0       5.300
      1991  127 72652.10  -24.110 179.300545.0       5.100
      1991  12719 513.20    1.168 124.369 33.0       5.000
      1991  127203812.10  -22.738 171.513 33.0       5.300
      1991  128 74315.50   27.008 -44.600 10.0       4.900
      1991  128 9 637.30   10.508 125.707 60.0       5.400
      1991  128125848.70  -41.985 171.701 27.0       5.900
      1991  128162638.00   26.743 -44.575 10.0       5.000
      1991  12818 053.70  -42.009 171.700 19.0       5.600
      1991  12818 210.00   34.025  73.798 33.0       5.200
      1991  12818 925.60   30.573 129.009 33.0       5.600
      1991  128222446.60   26.029  95.292 33.0       5.000
      1991  1282228 5.50   38.429 112.684 33.0       5.000
      1991  129 31313.30  -44.159  94.223 10.0       5.200
      1991  129 71136.90   -5.540 151.772 57.0       5.000
      1991  129124241.50   -6.402 154.511 69.0       5.000
      1991  1291411 2.60   -4.195 128.042 24.0       5.300
      1991  12916 4 0.00  -14.998 -75.740 27.0       5.200
      1991  129194235.30  -27.562-176.317 33.0       5.100
      1991  129224640.50   12.887 -90.865 51.0       5.100
      1991  130 74342.90   64.394 -20.807 10.0       5.100
      1991  1301117 2.90   -7.317 106.729 33.0       5.000
      1991  130122915.80   -6.118 130.499142.0       5.000
      1991  131 21331.90    0.511 126.082 37.0       5.600
      1991  131 74858.40   -7.435 127.951147.0       5.200
      1991  131124948.70  -30.319 179.422582.0       5.100
      1991  1311453 8.90    7.770 -84.609 33.0       5.000
      1991  131193246.60  -23.630-179.800534.0       5.100
      1991  13123 333.60   35.993  70.423142.0       6.400
      1991  2 112 749.60  -19.781-173.171 23.0       5.400
      1991  2 1123326.80  -26.573-114.381 10.0       5.300
      1991  2 115 9 8.90  -18.089-178.201616.0       5.000
      1991  2 1171453.60  -57.067-141.111 10.0       5.000
      1991  2 2123927.00    1.676 126.459 36.0       5.300
      1991  2 21614 0.60    1.604 126.527 38.0       5.100
      1991  2 2174738.40  -31.499 -71.996 29.0       5.100
      1991  2 2192244.70    1.500 126.470 69.0       5.000
      1991  2 3 21128.20   -9.099 125.443 72.0       5.000
      1991  2 3 92059.90   26.694 -44.487 10.0       5.000
      1991  2 3 955 0.70  -16.792-178.344 33.0       5.000
      1991  2 3104731.20  -18.911-173.052 37.0       5.200
      1991  2 4 3 048.30   19.120 145.415200.0       5.000
      1991  2 410 053.20   23.892 121.659 17.0       5.100
      1991  2 4223945.40   16.518 121.140 10.0       5.200
      1991  2 5 35325.30  -24.343-115.893 10.0       5.300
      1991  2 5233430.60   17.720 -61.642 42.0       5.100
      1991  2 6 75838.70   52.349 152.413495.0       5.000
      1991  2 6114451.80   -7.068 144.801 22.0       5.200
      1991  2 61939 0.20  -42.901 -85.861 10.0       5.100
      1991  2 7 35028.70   51.693 174.221 34.0       5.700
      1991  2 7 4 610.40   -6.103 103.358 33.0       5.000
      1991  2 7 6 420.50   66.354-147.958 10.0       5.500
      1991  2 7 9 633.00  -56.777 -27.114110.0       5.100
      1991  2 7193854.90  -56.217 -26.674 33.0       5.000
      1991  2 8 13852.10   -7.547 128.765103.0       5.400
      1991  2 8231650.60   -8.569 118.357150.0       5.000
      1991  2 9 2 850.90  -15.348-176.901 28.0       5.600
      1991  2 9 83945.10  -27.210 -63.398573.0       5.000
      1991  2 9133154.90   -6.992 129.445 80.0       5.000
      1991  2 9161858.30   -9.929 159.139 10.0       6.400
      1991  2 9163032.50   -9.858 159.174 10.0       5.900
      1991  210 05116.00   -4.698 129.178211.0       5.400
      1991  210 21930.00  -33.390-178.533109.0       5.100
      1991  210124237.60    8.745 -39.854 10.0       5.900
      1991  210141519.80   14.005 144.743156.0       5.500
      1991  210172940.70   -8.864 124.308139.0       5.000
      1991  2101955 8.50  -21.088-179.101619.0       5.000
      1991  21020 612.50   48.102 154.907 33.0       5.100
      1991  211103111.00    5.362 -82.510 10.0       5.100
      1991  21111 928.70   -6.759 130.191 96.0       5.100
      1991  212 135 6.00   -6.986 129.777121.0       5.300
      1991  2121131 4.00  -32.015 179.750365.0       5.300
      1991  212124528.50   51.431-173.458 33.0       5.000
      1991  212214229.60  -21.280 169.964 77.0       5.100
      1991  21222 648.40    0.471 124.497131.0       5.100
      1991  213 23858.60   -5.647 153.956 33.0       5.000
      1991  213 61723.00  -44.361 -79.529 10.0       5.200
      1991  213 944 1.50  -16.936-173.318 33.0       5.000
      1991  213145414.40  -22.082-179.556615.0       5.300
      1991  213164452.00   -9.909 159.076 22.0       5.500
      1991  214 1 1 0.40  -32.984-179.340 33.0       5.400
      1991  214 43941.10   -3.964 152.431 46.0       5.200
      1991  214 61421.50  -27.498-176.155 33.0       5.300
      1991  214 737 1.30   -6.947 129.798125.0       5.000
      1991  214 82555.50   30.327  50.846 25.0       5.400
      1991  214163722.20   29.681-113.858 10.0       5.400
      1991  214192215.10   -6.279 154.697 45.0       5.800
      1991  214233123.00  -22.336-112.578 10.0       5.500
      1991  215 05533.00    4.210 124.235 32.0       5.500
      1991  215 72517.80    2.102 128.170 33.0       5.100
      1991  215104811.50  -42.097 171.654 31.0       5.500
      1991  215112711.30   -4.182 143.724 33.0       5.100
      1991  216 12340.40   48.268 154.328 39.0       6.300
      1991  216 21514.40  -49.447 116.838 22.0       5.000
      1991  216 33432.60    1.863 128.152134.0       5.600
      1991  216 75559.90  -18.483-177.914578.0       5.200
      1991  217 31917.10    2.642  96.118 24.0       5.400
      1991  217 65912.60  -21.189 169.831 59.0       5.600
      1991  217101333.90   -8.066 129.564 33.0       5.000
      1991  217111742.70   39.833  77.683 17.0       5.000
      1991  218 23725.10    8.870 126.480 24.0       6.000
      1991  218 25245.90    8.982 126.515 33.0       5.000
      1991  218 44619.90    8.914 126.630 18.0       5.200
      1991  218101032.00  -18.569 176.415 27.0       5.100
      1991  218134743.50  -18.378 176.254 33.0       5.200
      1991  21814 752.20    8.843 126.644 33.0       5.200
      1991  2181615 6.50  -19.028 168.493 40.0       5.700
      1991  218161956.40    2.861  66.410 10.0       5.100
      1991  219 15524.10  -32.358-178.566 33.0       5.300
      1991  219104922.50   26.057 127.453 29.0       5.100
      1991  219131629.90    1.562 127.093130.0       5.600
      1991  21914 654.80   -2.062 138.666 33.0       5.000
      1991  2191550 7.20    9.173 126.453 69.0       5.400
      1991  220 448 7.00  -22.626-113.022 10.0       5.600
      1991  220 54924.30   -8.575 108.565 33.0       5.100
      1991  220114325.70    9.047 126.551 38.0       5.400
      1991  220122642.70    8.791 126.715 38.0       5.100
      1991  22014 8 6.80    9.061 126.660 26.0       5.200
      1991  220203750.90   48.601 153.266154.0       5.200
      1991  220214622.50   -4.659 143.256 91.0       5.700
      1991  221 15510.60   58.447-175.415 20.0       5.000
      1991  221 2 453.90   -3.710 140.170 33.0       5.200
      1991  221 23534.00   58.427-175.450 20.0       6.200
      1991  221103527.40    6.975 126.429132.0       5.100
      1991  221103850.40   -9.481 117.414 33.0       5.000
      1991  2211817 1.40    1.071 126.789 33.0       5.100
      1991  221183652.90  -10.583 163.234 33.0       5.100
      1991  222 11017.00  -10.165 113.683 33.0       5.200
      1991  222155133.70  -10.675 163.151 33.0       5.100
      1991  222173619.10  -10.598 162.519 84.0       5.000
      1991  222183911.30   -6.556 -74.838142.0       5.200
      1991  22222 611.10   -3.972  35.811 10.0       5.300
      1991  223 55544.20    8.167 122.129 54.0       5.000
      1991  223 93140.30   45.222 150.449 39.0       5.400
      1991  223145951.70  -49.062 164.880 33.0       5.000
      1991  223195316.10   -4.676 137.708 22.0       5.200
      1991  22323 745.50  -51.153 161.210 10.0       5.100
      1991  224 234 6.30  -17.803-178.963644.0       5.200
      1991  224 93651.20  -22.689 166.638 33.0       4.900
      1991  22411 415.80  -15.125-173.384 33.0       5.200
      1991  224113445.30    9.263 125.724 33.0       5.000
      1991  225 639 4.90   -7.388 128.922124.0       5.600
      1991  225143027.60   40.386  78.959 21.0       5.500
      1991  2251452 4.50   40.277  79.070 33.0       5.000
      1991  226 72547.20   40.186  13.822401.0       5.500
      1991  226161442.10  -49.494 125.725 10.0       5.000
      1991  227 83435.10  -30.218 -68.760 35.0       5.400
      1991  227 925 7.20  -22.936 172.523 33.0       5.300
      1991  22719 220.60    8.912 126.385 64.0       5.100
      1991  228 520 9.60  -19.110-175.195248.0       5.400
      1991  228133013.50  -20.118-175.830220.0       5.600
      1991  22818 528.80   31.976 142.355 43.0       5.100
      1991  22818 8 3.70   -7.439 128.282161.0       5.000
      1991  3 1 1 352.90  -40.220  78.559 10.0       4.700
      1991  3 1 157 3.10   72.163 126.820 19.0       5.200
      1991  3 1 92323.70  -22.793 172.282 33.0       5.200
      1991  3 1124526.00   -6.019 145.892 62.0       5.100
      1991  3 114 445.20  -19.691 -69.981 73.0       5.300
      1991  3 1173026.00   10.939 -84.637197.0       6.100
      1991  3 1193054.10  -33.330 179.727 33.0       5.100
      1991  3 121 820.50    2.486 126.809 69.0       5.100
      1991  3 123 636.70   40.305 142.264 53.0       5.200
      1991  3 2 32926.10    9.175 126.637 86.0       5.000
      1991  3 2 4 542.70  -10.965 166.561 33.0       5.300
      1991  3 2181318.80   23.924 121.733 19.0       5.000
      1991  3 2224110.00  -21.940-174.919 33.0       5.100
      1991  3 223 6 3.70  -21.996-175.031 44.0       5.600
      1991  3 3 6 016.20  -22.536-174.699 33.0       5.000
      1991  3 3125911.40   -0.265 -91.250 10.0       5.000
      1991  3 3152024.70  -21.867-175.057 16.0       6.000
      1991  3 318 9 1.50   39.173  71.640 29.0       5.000
      1991  3 51349 6.30    3.231 -83.343 15.0       5.900
      1991  3 5135728.40   12.855 143.323121.0       5.100
      1991  3 518 933.50   -0.350  99.324 63.0       5.200
      1991  3 520 145.20    2.639 125.755 98.0       5.200
      1991  3 5223548.10   -3.984 102.369 59.0       5.900
      1991  3 6 21812.70    0.275 124.717102.0       5.200
      1991  3 6 55052.20   -5.496 152.038 47.0       5.000
      1991  3 6154425.90  -30.515-178.589228.0       5.500
      1991  3 7 11356.90   39.931  75.712 46.0       5.000
      1991  3 7 12810.50  -20.082 134.025  5.0       5.200
      1991  3 7 65914.20   45.735 151.351 39.0       5.400
      1991  3 7171121.80    1.019 120.115 36.0       5.000
      1991  3 8 142 0.30    7.230  93.447 53.0       5.000
      1991  3 8 225 0.30  -21.152 169.676 60.0       5.000
      1991  3 8 3 755.00   26.976 127.411107.0       5.000
      1991  3 8 9 218.50   60.828 167.075 10.0       5.300
      1991  3 8113628.40   60.904 167.023 13.0       6.400
      1991  3 81141 2.60   61.029 167.003 10.0       5.600
      1991  3 8115457.80   60.834 167.057 10.0       5.900
      1991  3 8115812.70   60.682 166.937 10.0       5.700
      1991  3 812 524.60  -24.541 -69.901 56.0       5.500
      1991  3 81211 3.90   60.854 167.046 10.0       5.100
      1991  3 81229 9.60   61.528 166.365 10.0       4.900
      1991  3 8131646.60   61.127 166.607 10.0       4.900
      1991  3 816 5 0.60   15.520 119.178 42.0       5.100
      1991  3 8211433.00   60.911 167.285 10.0       5.400
      1991  3 9 05648.50   60.120 169.816 10.0       5.000
      1991  3 9 1 123.10  -54.877-131.533 10.0       5.700
      1991  3 9 419 0.90   13.388 145.486 59.0       5.100
      1991  310 05946.90  -21.856-179.315613.0       5.400
      1991  310 35343.60   -3.792 144.396 26.0       5.100
      1991  310 4 032.60   -3.872 144.365 69.0       5.000
      1991  310122645.20   60.923 167.248 10.0       5.200
      1991  310122827.00    4.613 -76.685 90.0       5.000
      1991  3101442 6.30   -6.452 129.899139.0       5.000
      1991  311 02333.90  -17.639-172.563 33.0       5.100
      1991  311 14456.70   -9.499 115.639 33.0       5.400
      1991  311 62844.10   -9.030 157.369 28.0       5.400
      1991  311183343.10   37.009  30.989113.0       5.100
      1991  311211556.40  -51.154  29.255 10.0       5.800
      1991  312 32445.30  -33.508-179.089200.0       5.000
      1991  312 6 4 5.00   23.161 120.053 17.0       5.600
      1991  312194326.10   60.833 167.077 33.0       5.300
      1991  313 4 837.30  -20.076-177.700570.0       5.000
      1991  313 84229.00    4.926 -82.561 10.0       5.000
      1991  3131420 5.20    4.957 125.493205.0       5.100
      1991  3131553 6.90   60.780 166.953 33.0       5.100
      1991  313194829.60  -59.707 -26.570 33.0       5.800
      1991  314135049.00  -19.380 167.792 33.0       5.000
      1991  314155752.40   51.794-175.264 39.0       5.500
      1991  31417 945.40   39.614  73.971 33.0       5.000
      1991  315 0 134.80   35.399 140.227 66.0       5.000
      1991  315 31034.20    2.070 129.643 28.0       5.000
      1991  315 324 9.00   34.343  26.389  7.0       5.200
      1991  3151851 0.20  -29.132 -68.684114.0       5.500
      1991  3152152 3.30  -17.971-172.928 78.0       5.400
      1991  3152359 2.70   -6.128 130.459100.0       5.100
      1991  316 2 959.30    1.993 127.351 94.0       5.200
      1991  316 6 210.90   10.174 -85.184 33.0       5.300
      1991  317 62652.00   60.851 166.956 33.0       5.200
      1991  317 71759.50  -32.630-177.764 41.0       5.200
      1991  317 75439.20   -3.638 128.316 80.0       5.200
      1991  31718 625.20   -6.773 146.902114.0       5.100
      1991  31912 924.80   34.825  26.335 23.0       5.400
      1991  32013 857.80   -5.791 -80.897 35.0       5.300
      1991  32014 716.90   51.365-178.525 33.0       5.100
      1991  320173612.80   -7.333 128.434176.0       5.000
      1991  321 5 445.10   62.809-149.512 79.0       5.000
      1991  321 55312.00   -9.710 -79.774 25.0       5.400
      1991  321101831.70   55.148-152.871 33.0       5.000
      1991  321182736.00  -11.668 166.544 33.0       5.500
      1991  32120 8 1.20  -20.878-177.930527.0       5.200
      1991  322 32932.90    1.163 122.561 33.0       5.100
      1991  323 03644.90   36.353  70.682215.0       5.000
      1991  323 841 0.40   33.876 -38.969 10.0       5.000
      1991  32310 455.00  -12.257 166.897213.0       5.000
      1991  323122243.40   -7.237 129.360 94.0       5.100
      1991  32320 428.00    0.409 126.043 56.0       5.000
      1991  323203849.80   48.261 154.854 41.0       5.400
      1991  324 63922.00  -16.831 177.305 12.0       5.200
      1991  324124430.50  -29.702-178.342 55.0       5.200
      1991  32413 148.50    5.643 126.102134.0       5.100
      1991  325 02031.50  -19.111-176.806336.0       5.100
      1991  325152418.00   -2.960 127.981 33.0       5.400
      1991  32518 241.50   39.887 113.923 10.0       5.100
      1991  325234455.50   -4.861 147.791 89.0       5.100
      1991  325235159.90    2.135 -79.080 41.0       5.000
      1991  326 35823.20   21.704 121.789 18.0       5.800
      1991  326 61928.40   21.673 121.826 19.0       5.200
      1991  326102423.90   21.867 121.610 10.0       5.300
      1991  326123458.00   19.722 -70.314 33.0       5.500
      1991  32619 019.90   -5.422 146.746237.0       5.500
      1991  326192440.80    9.774 126.266 49.0       5.000
      1991  327 91448.00   12.550 123.461 33.0       5.000
      1991  32715 222.70  -45.534  95.922 10.0       4.700
      1991  328 2 426.70  -60.833 -26.542 33.0       5.000
      1991  328 31722.40  -60.699 -26.174 33.0       5.000
      1991  328 72236.80  -18.308 168.015 29.0       5.200
      1991  328 75831.90  -18.207 167.974 26.0       4.600
      1991  328121133.00  -16.309-174.597 33.0       4.700
      1991  328211236.90  -35.509-112.226 10.0       5.000
      1991  328212123.40   46.944 152.173 33.0       5.000
      1991  329 9 6 6.40    5.210  32.672 10.0       5.500
      1991  329132751.90   60.727 166.911 33.0       5.100
      1991  329151834.20  -18.403-174.521 33.0       5.100
      1991  329201348.30   -3.959 -80.907 38.0       5.200
      1991  330 73752.00  -16.111-174.826 20.0       5.100
      1991  330144025.50  -21.020-173.340 33.0       5.100
      1991  330214126.60  -23.250 -69.076 78.0       5.100
      1991  331223910.50  -16.656-172.703 33.0       5.200
      1991  4 1 159 4.70  -16.550-172.591 33.0       5.300
      1991  4 1 353 4.60   15.746  95.738 15.0       5.400
      1991  4 1 5 358.70   22.359-106.994 10.0       4.800
      1991  4 1 52527.00   -4.919 152.018 90.0       6.000
      1991  4 1 54520.80   15.844  95.701 13.0       5.400
      1991  4 1 73445.90   16.175 -98.278 21.0       5.500
      1991  4 1 9 131.40   16.279 -98.101 44.0       5.100
      1991  4 1165428.20   -6.076 147.661 70.0       5.500
      1991  4 2 62133.20  -31.169-177.848 39.0       5.100
      1991  4 218 012.60   39.489  80.536 10.0       5.200
      1991  4 3 25922.40   -1.835 135.680 33.0       5.100
      1991  4 3 85929.70   -6.183 147.939 94.0       5.000
      1991  4 4 31948.70   -6.681 147.892 74.0       5.000
      1991  4 4 32257.90    7.017 -78.153 33.0       6.100
      1991  4 41510 8.60  -55.646-124.422 10.0       5.300
      1991  4 4152320.70   -6.038 -77.130 21.0       6.000
      1991  4 416 818.50   -5.999 -77.083 29.0       5.200
      1991  4 419 0 0.00   37.296-116.313  0.0       5.600
      1991  4 5 41949.50   -5.982 -77.094 20.0       6.500
      1991  4 5 5 110.30   -5.810 -77.339 24.0       5.500
      1991  4 5 52953.00   -5.799 -77.214 33.0       5.000
      1991  4 5 8 552.00  -11.832 158.670 85.0       5.100
      1991  4 5 91528.80   29.138  51.399 39.0       5.100
      1991  4 5115210.30    6.862  95.208230.0       5.200
      1991  4 5155047.30  -14.230 -75.511 50.0       5.700
      1991  4 5171357.20   -6.089 -77.002 43.0       5.200
      1991  4 5183453.20  -54.592-132.516 10.0       5.200
      1991  4 5202947.30   -1.864 138.720 33.0       5.000
      1991  4 6 44847.20  -24.168 179.984549.0       5.400
      1991  4 6 61423.50   -6.069 147.635 78.0       5.200
      1991  4 6142147.20   -6.040 -76.998 40.0       5.100
      1991  4 6143420.70  -15.008-175.521 16.0       5.800
      1991  4 6144829.60   -5.961 -77.561 10.0       5.000
      1991  4 7 93936.60   16.304 -97.476 25.0       5.200
      1991  4 7 94051.30  -59.266 149.191 10.0       4.900
      1991  4 713 9 3.30   -7.139 -80.719 33.0       5.000
      1991  4 7183152.40  -24.978 179.528535.0       5.000
      1991  4 7185519.50   -3.100 130.356 29.0       5.600
      1991  4 7231627.00   -6.048 -77.184 33.0       5.000
      1991  4 8 12526.90    4.088 127.929 26.0       5.600
      1991  4 81334 4.40   52.433 157.903145.0       5.600
      1991  4 9 6 224.50   -9.788 -74.702124.0       5.900
      1991  410 1 839.60   37.359  36.221 10.0       5.200
      1991  4101255 8.00  -20.273-177.724525.0       5.200
      1991  411 81243.90   -5.282 151.697 55.0       5.300
      1991  41110 234.80    7.727 126.537 82.0       5.000
      1991  41113 333.20   53.627-163.384 14.0       5.400
      1991  411153227.60   12.036 143.902 33.0       5.000
      1991  411175118.60  -11.036 166.787 47.0       5.600
      1991  412 15350.30   -0.559 132.710 33.0       5.300
      1991  412 350 6.70   -5.753 -77.054 33.0       5.200
      1991  412 84130.30   13.058 -88.322 68.0       5.000
      1991  41217 0 4.10   -5.881 -77.089 33.0       5.100
      1991  413 13829.30   43.729 146.416 71.0       5.000
      1991  413 74649.00  -20.116 169.055 32.0       5.800
      1991  413232050.90   -7.618 108.077 61.0       5.000
      1991  414 8 855.70   27.155 127.419 83.0       6.200
      1991  414182236.20   -4.379 102.785105.0       5.200
      1991  415104859.30   36.340  71.358124.0       5.300
      1991  415113123.30   12.451 142.724 39.0       5.400
      1991  415203947.80  -56.192 -26.540 33.0       5.200
      1991  416 21131.40    0.369 -25.759 10.0       4.800
      1991  416 3 156.20  -57.917 -27.251140.0       5.000
      1991  416 73345.50  -24.225-179.859629.0       5.300
      1991  416 956 7.10   36.257  71.261127.0       5.100
      1991  4161530 0.00   37.245-116.442  0.0       5.400
      1991  417 53210.60   60.698 166.939 19.0       5.300
      1991  417 91415.60   12.752 124.367 75.0       5.300
      1991  417 926 2.90   60.841 166.832 33.0       5.100
      1991  417143839.80  -20.235 168.817 32.0       5.200
      1991  418 51929.00    2.664 128.543237.0       5.500
      1991  418 91830.40   37.457  68.273 33.0       5.400
      1991  418 94120.10  -22.924-179.342471.0       5.700
      1991  418104053.80   60.757 166.975 12.0       5.400
      1991  418105834.00   60.842 166.867 33.0       5.000
      1991  4181316 0.90    3.387 122.235614.0       5.300
      1991  418195355.40   60.731 166.923 13.0       5.100
      1991  419 255 6.90   60.842 166.908 10.0       5.000
      1991  419 45140.40   13.775 120.723172.0       5.100
      1991  419 52716.60   11.991 142.187 50.0       5.200
      1991  419 63941.50   16.865 -60.592 17.0       5.500
      1991  419 91358.70  -54.676 143.338 10.0       5.100
      1991  419112534.50  -14.883-174.953 20.0       5.600
      1991  419153519.20   43.546-127.335 10.0       5.000
      1991  419181924.60   59.990-153.340134.0       5.100
      1991  419214835.70   -6.900 129.562127.0       5.900
      1991  420 1 213.30  -13.214 167.209245.0       5.000
      1991  420135518.50  -23.870-179.966615.0       5.100
      1991  421111746.20   -4.380 143.774103.0       5.600
      1991  421231222.50  -18.287  46.416 19.0       5.800
      1991  422 42633.70   -1.043 127.229 33.0       5.000
      1991  42212 015.90  -24.536-179.915534.0       5.000
      1991  422191843.50  -11.485 166.194 63.0       5.100
      1991  422215651.80    9.685 -83.073 10.0       6.300
      1991  42222 713.30   10.005 -83.377 10.0       5.200
      1991  42222 831.90    9.820 -83.505 10.0       5.400
      1991  422221925.60    9.915 -83.413 10.0       5.400
      1991  422224151.40   10.148 -82.951 10.0       5.100
      1991  422225135.10    9.723 -82.540 10.0       5.200
      1991  423 24858.50   -2.759 134.432 10.0       5.800
      1991  423 25022.60   13.087 123.239 40.0       5.200
      1991  423 537 5.50    9.555 -82.728 10.0       5.100
      1991  423 634 5.90   14.002 -91.652 69.0       5.300
      1991  423 83238.10    9.934 -83.198 10.0       5.000
      1991  423185641.20    9.538 -83.467 10.0       5.000
      1991  424 032 1.60   42.634 144.759 59.0       5.500
      1991  424 45714.80    9.041 126.739 14.0       5.600
      1991  424 513 9.80    2.541 -79.747 24.0       5.800
      1991  42410 654.90    9.047 126.770 33.0       5.400
      1991  4241913 2.10    9.741 -83.517 13.0       5.600
      1991  425 11449.50  -30.043-177.659 60.0       5.400
      1991  42518 751.80   13.397 -90.694 28.0       5.000
      1991  425183543.50  -25.516 179.858479.0       5.100
      1991  426 52524.80   -5.435 129.734227.0       5.000
      1991  426 61642.90   61.250-150.153 38.0       5.400
      1991  42616 240.20   -9.350 119.742 33.0       5.000
      1991  426173654.50    7.525 126.577 74.0       5.500
      1991  4262224 5.30   38.979  70.996 45.0       5.300
      1991  427 03621.50   60.864 166.920 33.0       5.100
      1991  427 54241.70   10.256 -83.243 10.0       5.300
      1991  427121220.40   -4.496 102.821108.0       5.100
      1991  4271821 8.80   60.799 166.880 33.0       5.500
      1991  4271927 5.40   -5.920 147.041 76.0       5.000
      1991  42720 828.50    9.183 126.456 58.0       5.200
      1991  428215538.50  -62.493 165.031 10.0       4.500
      1991  429 65454.20  -20.762-174.146 39.0       5.200
      1991  429 91248.10   42.453  43.673 17.0       6.200
      1991  4291443 6.30   42.515  43.937 10.0       5.400
      1991  429181223.20  -11.258 -77.672 58.0       5.700
      1991  429182315.20   42.583  43.764 10.0       5.500
      1991  429183041.50   42.503  43.899 14.0       5.900
      1991  429203254.20   42.541  43.333 10.0       5.400
      1991  42922 6 2.00    5.623 125.330 74.0       5.300
      1991  430 21633.00    5.926 -82.612 10.0       5.500
      1991  430123650.60   -6.386 147.213 59.0       5.500
      1991  43015 022.60  -25.371 179.540520.0       5.000
      1991  43020 450.80   -7.124 129.425119.0       5.400
      1991  5 1 020 4.70   45.126 153.002 14.0       5.000
      1991  5 1 05950.10  -13.967 170.671 26.0       4.900
      1991  5 1 432 5.60   -6.610 154.912 77.0       5.300
      1991  5 1 638 9.90  -22.387-113.633 10.0       5.200
      1991  5 1 71843.90   62.476-151.413114.0       6.100
      1991  5 2 12530.10   42.541  43.960 10.0       5.100
      1991  5 2 22339.20  -21.724-173.901 33.0       5.100
      1991  5 2 7 157.20    9.392 -77.281 36.0       5.700
      1991  5 2152724.20    8.526 126.963 76.0       5.000
      1991  5 2194234.70   46.483 150.044 24.0       5.000
      1991  5 3 21414.40   28.080 139.585433.0       6.000
      1991  5 3201938.80   42.683  43.247 10.0       5.300
      1991  5 32341 1.80   42.647  43.263 11.0       5.200
      1991  5 3235658.20   29.811 -42.721 10.0       5.100
      1991  5 4 34254.50    9.542 -82.418 10.0       5.600
      1991  5 4 355 4.20  -26.249 178.413593.0       5.000
      1991  5 4 53633.50   23.900 123.398 33.0       5.200
      1991  5 413 052.10   -6.136 -77.158 33.0       5.000
      1991  5 4143129.90   27.148 140.074431.0       5.200
      1991  5 4212814.50   13.717 144.981116.0       5.300
      1991  5 5 5 858.80   10.342 125.210 57.0       5.100
      1991  5 5221547.90   53.527 169.857 28.0       5.000
      1991  5 6 01023.40   10.373 125.328 25.0       5.100
      1991  5 6 02612.90   10.353 125.253 32.0       5.400
      1991  5 6 34025.30  -10.904 162.567 97.0       5.400
      1991  5 6 8 244.60    1.061 126.143 33.0       5.000
      1991  5 6 93142.80   29.853 131.510 32.0       5.200
      1991  5 61034 4.90   53.436-164.047 33.0       5.000
      1991  5 6225045.30  -20.871-177.868497.0       5.500
      1991  5 7 82442.60   -7.397 128.905145.0       5.300
      1991  5 7 82529.90   -3.611 145.739 30.0       5.300
      1991  5 713 928.70   39.430 144.714 10.0       6.400
      1991  5 8 85140.30  -22.043  68.322 10.0       5.100
      1991  5 8 94213.30  -16.602  66.884 10.0       5.100
      1991  5 818 027.50   10.352 125.325 26.0       5.300
      1991  5 8182111.00   19.373-156.267 36.0       5.500
      1991  5 8195321.60  -13.875 -74.458107.0       5.600
      1991  5 8232450.50   26.453 128.609 32.0       4.800
      1991  5 9133157.00  -17.521-178.769554.0       5.000
      1991  5 9214223.90  -23.808-179.425551.0       5.100
      1991  510 11238.40  -17.352  25.016 10.0       5.000
      1991  510105127.10   -4.020 154.411478.0       5.100
      1991  5101326 9.60  -22.953-175.649 88.0       5.300
      1991  510133352.30  -16.114-174.147115.0       5.800
      1991  510233044.50  -36.999 -98.929 10.0       5.100
      1991  511 34528.20  -19.543-175.672231.0       5.100
      1991  511 8 443.90  -22.061 -67.180194.0       5.300
      1991  51111 657.40    2.031 126.615 74.0       5.000
      1991  51114 953.50   -5.639 102.625 43.0       5.000
      1991  511152629.70   12.413  47.516 17.0       5.200
      1991  5111959 0.00   -9.958 119.890 33.0       5.300
      1991  512 64349.80   -3.592 139.257 35.0       5.200
      1991  5121154 0.00   -6.749 130.656 56.0       5.000
      1991  512122755.30  -21.718-174.034 34.0       5.600
      1991  512161237.10   12.279  47.487 10.0       5.300
      1991  513 34115.70    1.443 123.496 32.0       5.100
      1991  513 423 6.10   -4.884 101.873 33.0       5.200
      1991  513162815.40   -3.463  82.824 22.0       5.900
      1991  514105241.80    1.105 126.865186.0       5.000
      1991  514191753.80  -57.715 -25.368 52.0       5.100
      1991  515143425.00    9.353 -82.176 33.0       5.200
      1991  516202131.20   -5.670 148.525119.0       5.000
      1991  517 23125.70   -4.390 142.715 59.0       5.800
      1991  517 63747.00   -9.941 119.780 21.0       5.200
      1991  517142550.00  -36.573 -70.591142.0       5.200
      1991  517213434.80   13.583 144.566106.0       5.000
      1991  517224858.10  -55.301  -1.684 10.0       5.200
      1991  518 65727.00  -39.972 -74.786 21.0       5.300
      1991  518171458.50  -21.832-139.014  0.0       5.100
      1991  518215428.10   -3.598 128.390114.0       5.200
      1991  519 058 1.70    1.156 122.957 33.0       6.000
      1991  519 11639.10    1.467 123.366 33.0       5.000
      1991  519 11950.90    1.333 123.009 33.0       5.300
      1991  520 95028.00  -18.038-178.457580.0       5.400
      1991  52022 229.20    0.995 126.150 78.0       5.000
      1991  520234524.20  -13.973 179.094 33.0       4.400
      1991  52111 019.00   -7.517 126.539 18.0       6.200
      1991  521112932.00   -7.506 126.548 33.0       5.100
      1991  52112 529.40   -7.504 126.705 33.0       5.200
      1991  521124335.80   -7.251 129.434158.0       5.000
      1991  521173738.80   42.867  48.028 10.0       5.000
      1991  522 057 2.50   18.254-103.253 45.0       5.000
      1991  522 653 5.90  -33.802-179.604 45.0       5.400
      1991  522 82127.50    2.647 122.120585.0       5.000
      1991  5221629 2.30   27.406  55.787 25.0       5.700
      1991  52221 522.50   51.770 175.883 33.0       5.500
      1991  52221 652.50   47.325 154.280 33.0       5.200
      1991  523 64421.40  -14.940 166.845 63.0       5.400
      1991  523102717.80   50.090 -28.937 19.0       5.000
      1991  524182834.70  -60.306 -43.821 10.0       5.500
      1991  524205055.80  -16.506 -70.701128.0       6.300
      1991  5242224 5.80   -5.976 154.625171.0       5.000
      1991  526 35448.10  -22.341 174.264 33.0       5.200
      1991  526 61234.70  -59.683 -26.005 33.0       5.100
      1991  526101214.70   -7.499 128.141130.0       5.400
      1991  526105948.90    5.865 116.746 33.0       5.100
      1991  526111659.10    5.869 116.815 18.0       5.100
      1991  5261155 5.30    4.130 125.592 21.0       5.400
      1991  526122428.70  -62.661-164.368 10.0       5.000
      1991  5261226 0.20   40.730  15.765  8.0       5.100
      1991  526125533.80   -2.881 136.342 33.0       5.000
      1991  5261728 1.30   27.054  99.745 33.0       5.000
      1991  526213856.40   -7.650 127.538182.0       5.000
      1991  5262230 7.90   -6.154 150.997 17.0       5.100
      1991  527 114 7.40   34.135 139.131 19.0       5.000
      1991  527 12450.40   31.892 141.588 33.0       5.000
      1991  527 24818.00   12.953 144.541 37.0       5.000
      1991  527 54912.30   -7.578 126.578 33.0       5.400
      1991  527 633 2.60   10.399 125.325 29.0       5.300
      1991  527 91333.30   49.519  94.759 19.0       5.100
      1991  527172418.50  -20.515  68.064 10.0       5.200
      1991  527184027.90    9.482 -82.694 10.0       5.000
      1991  528 85243.90    1.751 128.511 62.0       5.000
      1991  528124016.60   -5.729 130.895 88.0       5.000
      1991  529 5 136.70   -6.589 151.461 10.0       5.100
      1991  529 710 9.80    5.570 126.794 66.0       5.200
      1991  529181426.50   -3.245  98.380 26.0       5.200
      1991  529185958.20  -22.256-138.794  0.0       5.500
      1991  530 9 622.20  -23.531 -67.907120.0       5.300
      1991  530131741.90   54.567-161.606 28.0       6.300
      1991  530132230.50   54.572-161.827 33.0       5.600
      1991  530154441.00   54.600-161.600 33.0       5.100
      1991  530191813.10  -15.229-172.808 33.0       5.300
      1991  531 12830.70   46.121 153.213 33.0       5.000
      1991  531 528 2.60   -6.048 130.599 33.0       6.000
      1991  531221735.70  -56.837-140.932 10.0       5.100
      1991  6 1 856 5.40   54.502-161.530 33.0       5.300
      1991  6 2 15222.00    1.239 128.304 29.0       5.200
      1991  6 211 811.20  -18.811-173.167 33.0       5.200
      1991  6 2162526.70  -24.905 179.924505.0       5.200
      1991  6 2165011.40   -8.670 111.409 88.0       5.100
      1991  6 2192258.50   -6.367 129.958138.0       5.100
      1991  6 3 13246.50   46.306 153.239 18.0       5.100
      1991  6 3 5 514.80  -40.022 -74.801 10.0       5.700
      1991  6 3102240.40   40.048  42.859 28.0       5.000
      1991  6 312 113.40   -5.762 145.510108.0       5.200
      1991  6 415 326.00  -31.601 179.811399.0       5.200
      1991  6 416 244.90   53.520 161.168 22.0       5.200
      1991  6 41730 2.60   -7.357 127.807 30.0       5.300
      1991  6 5 63251.50  -30.637-178.289 33.0       5.000
      1991  6 5 64442.30    2.437 128.618225.0       5.000
      1991  6 5 93323.10   -5.534 151.406 75.0       5.200
      1991  6 5144713.10  -19.007 169.492 28.0       5.000
      1991  6 51643 7.60  -36.042-100.732 10.0       5.200
      1991  6 6 22846.80   -5.965 103.914 53.0       5.300
      1991  6 6 8 2 7.50   42.705  87.221 32.0       5.100
      1991  6 61814 5.50   12.207 120.609 18.0       5.000
      1991  6 6204649.60   28.965 142.456 33.0       5.000
      1991  6 6232816.00   46.698 152.589 33.0       5.200
      1991  6 7 01339.30    6.053 125.134106.0       5.100
      1991  6 7112823.30    8.550 126.815 30.0       5.100
      1991  6 7115125.90   -7.204 122.533536.0       6.200
      1991  6 8 15830.00   45.676 150.932 43.0       5.500
      1991  6 8145231.40   -6.032 146.669 51.0       5.200
      1991  6 9 54818.70    8.810 127.174 33.0       5.000
      1991  6 9 745 2.10  -20.252-176.218266.0       6.100
      1991  6 911 133.90  -40.100 174.393109.0       5.400
      1991  6 91613 2.80   -3.542 131.023 31.0       5.100
      1991  6 9203933.80   12.627  95.110 24.0       5.000
      1991  610 63948.00   52.519 160.626 34.0       5.000
      1991  610173549.40   23.771 -45.368 10.0       6.100
      1991  6101737 4.00   -7.477 128.473142.0       5.000
      1991  611 23458.50   16.760 120.709116.0       5.000
      1991  611 52631.10    8.403-103.021 10.0       5.300
      1991  611 71634.40   84.401 108.249 27.0       5.500
      1991  611 744 3.90    8.738 127.085 35.0       5.000
      1991  611143247.90  -18.209-178.409628.0       5.500
      1991  611185556.40   -5.355 102.561 28.0       5.300
      1991  611214053.20   -4.924 133.803 23.0       5.200
      1991  6112345 0.80   -4.850 133.646 24.0       5.100
      1991  612 04540.00   -2.285 -78.884 94.0       5.700
      1991  612 3 521.30   14.892  96.327 10.0       5.000
      1991  612 31758.90   58.325 163.200 33.0       4.700
      1991  612 34732.60    8.007 126.201148.0       5.200
      1991  612 43134.60   -3.402 152.168340.0       5.000
      1991  612 7 010.30    8.740 127.187 37.0       5.000
      1991  612 83739.90  -35.578-176.986 33.0       5.100
      1991  612145020.10    7.689 126.590 84.0       5.100
      1991  61218 619.90   47.218 154.041 33.0       5.100
      1991  612201135.00   42.789 143.329109.0       5.700
      1991  613 11613.40   -5.411 154.298419.0       5.000
      1991  613171845.90  -19.950-175.717215.0       5.500
      1991  614 1 1 1.30   -5.220 134.089 21.0       5.100
      1991  614 83448.10   -3.008 138.630 77.0       5.100
      1991  614175957.80  -21.944-138.988  0.0       5.200
      1991  61420 650.20  -20.070-175.986225.0       5.200
      1991  615 05920.30   42.461  44.009  9.0       6.100
      1991  615 11321.40  -58.285 -24.183 52.0       5.800
      1991  615 12141.80   39.486 141.747 72.0       5.000
      1991  615 739 9.50   15.171 120.310 10.0       5.100
      1991  615104114.20   15.316 120.522 10.0       5.500
      1991  615111118.40   15.061 120.543 10.0       5.000
      1991  615111528.00   15.119 120.355 10.0       5.700
      1991  615113220.30   15.214 120.336 10.0       5.000
      1991  615122530.70   15.046 120.573 10.0       5.000
      1991  615163227.20   38.927 105.599 28.0       5.100
      1991  61517 155.00   52.632 160.535 29.0       5.000
      1991  615194853.50   15.211 120.267  9.0       5.000
      1991  615202321.90    0.535 -25.452 10.0       5.400
      1991  61523 214.30   10.098 125.855 71.0       6.000
      1991  616 14837.10  -26.049 -70.873 44.0       5.000
      1991  616 2 741.00   15.198 120.332 10.0       5.700
      1991  616 65821.90   15.250 120.591 13.0       5.100
      1991  616 951 9.00   15.177 120.355 15.0       5.000
      1991  616132644.00   15.030 120.223 13.0       5.000
      1991  616203653.30   15.234 120.291 10.0       5.000
      1991  616203720.30   15.080 120.585 10.0       5.500
      1991  616204040.50   15.170 120.323 10.0       5.200
      1991  6162049 1.60   39.540 144.699 31.0       5.200
      1991  617 5 952.50    0.516 122.460 97.0       5.300
      1991  617 920 1.60   -5.511 147.091201.0       5.400
      1991  617213656.00  -20.604-178.251512.0       5.100
      1991  618113318.30    0.130 149.285 38.0       5.700
      1991  618153841.10   39.457  72.765 58.0       5.000
      1991  61823 135.40   82.166 119.003 26.0       5.000
      1991  619113823.30  -20.134 133.952 10.0       5.200
      1991  619162555.10   -2.399 134.406 20.0       5.400
      1991  619192516.50  -24.144 179.881634.0       5.000
      1991  619201417.60  -58.198 -24.837 33.0       5.300
      1991  619205928.00  -58.222 -24.885 33.0       5.300
      1991  620 11040.00  -19.708-177.792432.0       5.000
      1991  620 32146.80  -58.193 -24.816 33.0       5.100
      1991  620 51852.50    1.196 122.787 31.0       6.200
      1991  620 62724.10    1.173 122.882 21.0       5.600
      1991  620 82324.00   18.425 120.637 44.0       5.200
      1991  620 82847.80  -10.875 165.751 27.0       5.200
      1991  620 9 450.80    1.280 122.878 33.0       5.000
      1991  621 525 2.50   -6.514 155.598220.0       5.000
      1991  621 6 859.70    2.442 126.829 66.0       5.300
      1991  621 62739.90   13.399 -89.618 77.0       5.300
      1991  621 64536.60   -6.001 104.872 53.0       5.600
      1991  621121416.60    1.277 122.819 27.0       5.200
      1991  621161729.90    1.093 123.045 30.0       5.500
      1991  6212046 8.10   -6.893 130.059112.0       5.100
      1991  622 03026.40   23.915-108.549 10.0       5.500
      1991  622 8 012.60  -14.156 171.629629.0       5.000
      1991  623 5 315.40   -7.829 159.060 61.0       5.300
      1991  623 81933.50  -11.004 166.198162.0       5.100
      1991  62310 4 0.30   26.637  93.187 33.0       5.300
      1991  6231044 2.30   39.481 -29.862 10.0       5.100
      1991  623113830.80   41.873 142.137 74.0       5.000
      1991  623132635.90    0.968 126.060 83.0       5.000
      1991  623212228.90  -26.802 -63.349558.0       6.400
      1991  623231445.50  -26.939 -63.272578.0       5.600
      1991  624 3 950.10  -10.435 123.928 28.0       5.400
      1991  624 459 4.30   58.318-137.008 10.0       5.600
      1991  624 81243.50  -22.944 171.199 62.0       5.000
      1991  6241954 4.10   51.219-178.620 33.0       5.300
      1991  625 34918.40   36.602 140.883 62.0       5.000
      1991  625181423.50   -3.860 134.765 33.0       5.200
      1991  625181644.70   -4.408 152.932 53.0       5.100
      1991  625203457.90   21.531  94.020 55.0       5.000
      1991  62523 657.20    5.244 -72.912 14.0       5.100
      1991  626 0 931.40    0.449 122.310 33.0       5.100
      1991  626 751 4.10   -2.155 127.459 10.0       5.000
      1991  626114335.70   38.435  21.098 40.0       5.000
      1991  626195647.10   10.357 125.151 37.0       5.000
      1991  62623 7 6.20   -0.079 123.558114.0       5.500
      1991  627115515.10  -56.319-142.211 10.0       5.100
      1991  627194241.10   24.361-108.233 10.0       5.500
      1991  628 1 018.00  -59.134 -30.338 10.0       5.200
      1991  628135440.50   -6.609 105.579112.0       5.300
      1991  628144354.50   34.262-118.002 11.0       5.800
      1991  629 34415.40   -0.393 132.239 33.0       5.200
      1991  629162627.30  -16.873-173.783 33.0       5.200
      1991  630 14412.80  -21.621-114.234 10.0       5.300
      1991  630 23315.10   11.961 142.046 33.0       5.000
      1991  630 3 814.20  -14.371 -13.562 10.0       5.300
      1991  6302259 9.20   -2.660 138.837 33.0       5.000
      1991  7 1 7 111.70  -10.372 124.020 24.0       5.100
      1991  7 1133241.60  -15.797 -75.016 21.0       5.400
      1991  7 1225545.90   -6.525 154.936 99.0       5.000
      1991  7 2 51430.10   -1.068  99.843 54.0       5.800
      1991  7 2 6 8 9.20  -23.233-179.126429.0       5.700
      1991  7 21339 7.20   -7.709 -81.308 33.0       5.100
      1991  7 2191415.20  -56.094-142.279 10.0       5.000
      1991  7 2195429.40   11.211 -85.671 31.0       4.800
      1991  7 22124 3.80   72.961  12.309 10.0       5.400
      1991  7 2215640.80   -5.125 153.630 57.0       5.300
      1991  7 4 62631.80   42.387  44.116 20.0       5.000
      1991  7 4 65416.10   -8.439 111.021114.0       5.300
      1991  7 4 7 831.90   -8.146 124.689 29.0       5.400
      1991  7 4103236.70   28.588 142.530 28.0       5.000
      1991  7 4114310.40   -8.099 124.681 29.0       6.200
      1991  7 41230 6.20   -8.142 124.627 68.0       5.100
      1991  7 41356 6.60   -8.119 124.726 19.0       5.300
      1991  7 5 34746.80   -3.775 135.864 37.0       5.400
      1991  7 5 43052.50   -9.585 114.673 54.0       5.700
      1991  7 5105828.50   47.892 145.796468.0       5.600
      1991  7 5164658.10   47.522 154.214 25.0       5.200
      1991  7 517 7 4.00   -7.954 124.716 30.0       5.300
      1991  7 6 01640.80   -7.269 129.242170.0       5.300
      1991  7 6111019.50   -7.236 122.354550.0       5.300
      1991  7 6121949.50  -13.108 -72.187105.0       6.200
      1991  7 615 825.30    2.534 126.623 96.0       5.500
      1991  7 619 012.50  -16.713 167.518 26.0       5.000
      1991  7 6233234.20  -21.442 -69.394 35.0       5.200
      1991  7 7 05817.50    5.433 125.942118.0       5.000
      1991  7 8104533.70  -20.225 133.825  5.0       5.100
      1991  7 8153018.20   23.726 142.895 33.0       5.000
      1991  7 8211422.10   53.162 159.885 42.0       5.400
      1991  7 9 554 7.10  -20.599 -68.803101.0       5.300
      1991  7 9 65334.10   23.227 -65.524 10.0       5.500
      1991  7 9154938.60   -8.339 124.333 50.0       5.200
      1991  7 9161431.90   -4.941 144.417 55.0       5.200
      1991  710 51656.30   53.089 159.829 24.0       5.100
      1991  710 534 5.90    9.071 124.141515.0       5.000
      1991  710 552 2.30   43.300 145.728 98.0       5.400
      1991  710 653 5.10   -0.687 119.946 49.0       5.000
      1991  710 94925.70   12.525  93.874117.0       5.200
      1991  710202530.30   10.013 126.177 32.0       5.100
      1991  7102341 2.40  -17.413-179.513439.0       5.100
      1991  711 11237.80    1.142 122.630 33.0       5.000
      1991  711 2 228.20  -16.767 167.438 28.0       5.100
      1991  711 316 0.00  -57.920 -25.449 33.0       5.400
      1991  712 44223.60  -39.368 175.902 67.0       5.300
      1991  71210 042.20  -33.632-179.536 52.0       5.100
      1991  712104221.20   45.364  21.057 11.0       5.300
      1991  712112529.80  -35.555 178.998 68.0       5.200
      1991  712145948.20  -10.818 166.103202.0       5.200
      1991  713 25014.60   42.182-125.641 11.0       6.200
      1991  713121513.30   48.738 154.933 41.0       5.700
      1991  714 9 911.90   36.334  71.119213.0       6.400
      1991  71410 324.50  -32.869-109.142 10.0       5.000
      1991  7141419 8.60   36.410 138.339188.0       5.200
      1991  715 64820.10    4.727 127.195104.0       5.100
      1991  715122211.90   45.172 150.794 24.0       5.600
      1991  7151227 3.10  -18.829-178.273595.0       5.100
      1991  715155746.70  -24.020-179.784505.0       5.200
      1991  71518 958.30  -21.877-138.963  0.0       5.300
      1991  7161530 7.00   24.815 125.325 47.0       5.400
      1991  717 712 9.30   50.935-130.162 10.0       5.100
      1991  717164124.80   -3.989-104.094 10.0       5.000
      1991  717172732.60   -7.234  67.978 10.0       4.800
      1991  717173552.30    3.815  63.315 10.0       5.000
      1991  717185417.20    3.786  63.280 10.0       5.000
      1991  717234148.90  -35.177 179.744 33.0       5.200
      1991  718 45446.90   -8.122 121.760 32.0       5.400
      1991  718 95036.70    8.224  94.112 27.0       5.400
      1991  718115630.60   44.888  22.407 12.0       5.700
      1991  718132459.90   30.363  94.870 33.0       5.000
      1991  718142853.50   13.233 144.125104.0       5.400
      1991  7181524 5.10    8.439  94.629 16.0       5.100
      1991  719 12732.00   45.312  21.053 10.0       5.300
      1991  71911 216.50    2.914 126.259 56.0       5.000
      1991  720 0 335.90  -28.650 -69.652 90.0       5.000
      1991  720 31820.30   -6.166 149.184 71.0       5.200
      1991  720114847.10   54.565-161.654 33.0       5.800
      1991  721142820.30   -5.217 102.645 42.0       5.100
      1991  7212259 9.60    3.008 128.434 34.0       5.900
      1991  722 04746.00    3.291 122.532566.0       5.000
      1991  722 836 3.50  -40.998 -90.849 10.0       5.100
      1991  722171250.20   23.454 142.922 33.0       5.000
      1991  723112210.00    5.826 125.983147.0       5.600
      1991  723121950.80  -20.938-178.444564.0       5.000
      1991  723132547.30    3.775  95.932 47.0       5.800
      1991  723194450.20  -15.679 -71.574  5.0       5.000
      1991  723211632.10   -6.122 130.227109.0       5.600
      1991  723211643.30  -24.766-179.592467.0       5.000
      1991  724 31041.10   52.150 162.243 33.0       5.100
      1991  724 32751.50  -16.028 -73.657 56.0       5.100
      1991  724 93637.30   32.229 138.766245.0       5.100
      1991  724 94541.80   36.520  44.066 26.0       5.400
      1991  724135452.00  -18.274  34.856 32.0       5.200
      1991  724152440.00   43.074  78.168 10.0       4.400
      1991  7251225 0.40   -5.763 130.758 33.0       5.200
      1991  725152529.80   17.818 -95.046127.0       5.400
      1991  7251546 0.50   16.882-101.390 33.0       5.400
      1991  726 03437.20   -5.258 145.527 92.0       5.000
      1991  726 65651.00   14.916 120.646 33.0       5.000
      1991  72615 4 7.90   -2.090 128.055 27.0       5.200
      1991  72616 310.70  -31.129-178.099 80.0       5.000
      1991  727 93932.80    1.831 -90.555 10.0       5.000
      1991  72710 636.80    1.773 -90.490 10.0       4.800
      1991  728 0 742.10  -21.409-179.117613.0       5.000
      1991  7281112 7.20    0.989 120.591616.0       5.500
      1991  729 150 8.60   -2.958 129.415 33.0       5.200
      1991  729 71251.90   -6.160 146.608168.0       5.000
      1991  729 928 2.70  -60.492 -51.097 33.0       5.000
      1991  729135239.80  -14.220 -73.945 96.0       5.500
      1991  7291621 4.80    6.167 127.244 60.0       5.100
      1991  730 516 5.00   30.049 131.186 31.0       5.000
      1991  730 93939.60   18.889 145.154595.0       5.000
      1991  731133415.80  -13.775 166.058 44.0       5.000
      1991  8 1 32242.10  -27.073-176.313 13.0       5.500
      1991  8 1 33919.00  -17.895-178.788571.0       5.300
      1991  8 1 52219.70  -17.082 174.400 13.0       5.100
      1991  8 1 6 4 3.50  -18.028 173.595 33.0       4.700
      1991  8 2 62714.50   10.286 125.175 22.0       5.000
      1991  8 223 854.20  -14.567 167.311152.0       5.100
      1991  8 3 83317.10   29.330 129.081 17.0       5.500
      1991  8 3182936.60  -60.436 -51.504 10.0       5.200
      1991  8 4 74530.90   -0.912 -80.916 21.0       5.400
      1991  8 4 855 7.60   38.586  75.072 33.0       5.000
      1991  8 4141523.10   -4.155 154.175425.0       5.000
      1991  8 4141537.40   -3.601 126.142 34.0       5.100
      1991  8 5 15349.80   10.222 125.192 33.0       5.000
      1991  8 5 32117.20  -17.886-115.941 10.0       5.100
      1991  8 5 6 547.20  -21.363-174.396 31.0       5.700
      1991  8 5104232.20    1.546 127.453142.0       5.400
      1991  8 511 8 8.90   51.675 176.351 33.0       5.100
      1991  8 6 21731.60    3.827  95.374 18.0       6.000
      1991  8 6144930.50   35.725 141.044 29.0       5.900
      1991  8 6202625.70   54.729 161.659 33.0       5.500
      1991  8 62123 2.70   -9.548 159.464 18.0       5.000
      1991  8 6232133.70    8.773 126.412 65.0       5.100
      1991  8 7 45449.80   -4.555 134.016 24.0       5.100
      1991  8 7 54022.70  -17.374-174.959254.0       5.200
      1991  8 7113630.80   25.099  88.791 33.0       5.000
      1991  8 7133553.20   -9.527 125.264100.0       5.000
      1991  8 714 819.20  -58.106 -25.707 33.0       5.000
      1991  8 723 026.30  -10.144 113.468 33.0       5.000
      1991  8 8 2 944.70    0.972 122.631 12.0       5.900
      1991  8 8 4 0 1.40    1.294 122.663 45.0       5.300
      1991  8 8111238.40   26.879  65.848 53.0       5.300
      1991  8 8132230.80   11.949 120.568 22.0       5.000
      1991  8 8135810.30  -21.614-174.122 34.0       5.200
      1991  8 8152612.00   -4.540 151.900175.0       5.100
      1991  8 81630 6.30  -20.226-178.103579.0       5.300
      1991  8 8182229.50  -45.516 -72.691 33.0       5.000
      1991  8 822 830.50    1.331 122.643 33.0       5.100
      1991  8 9 628 3.20    1.409 122.706 37.0       5.500
      1991  8 92016 1.00  -23.320-179.185465.0       5.400
      1991  8 9233155.20   -3.079 129.783 21.0       5.100
      1991  810133311.20  -63.037-164.391 10.0       5.000
      1991  81016 936.90  -17.777-178.548550.0       5.100
      1991  811 3 718.70   39.826 143.331 17.0       5.000
      1991  811121824.00   52.527 159.482 33.0       5.000
      1991  811144354.20   -3.141 130.320 33.0       5.700
      1991  81213 230.20  -14.170 -14.255 10.0       5.500
      1991  813 21116.30   52.791 -34.944 10.0       5.200
      1991  813201413.70   -3.061 130.412 26.0       5.200
      1991  813223144.80   18.896 145.177604.0       5.100
      1991  814 221 1.20  -20.022-177.454420.0       5.000
      1991  814 9 1 5.80  -45.740 -72.591 10.0       5.100
      1991  814125326.00   54.389-169.296275.0       5.700
      1991  8141743 7.40    3.159 127.949124.0       5.500
      1991  8141915 3.60  -13.593 167.607 14.0       6.100
      1991  815 23815.00  -45.608 -72.543 10.0       5.200
      1991  815 439 5.20  -45.772 -72.305 10.0       5.300
      1991  815 52134.10  -18.660 168.868145.0       5.000
      1991  815 65035.70  -45.558 -72.233 10.0       5.500
      1991  815 81017.10  -45.826 -72.825 10.0       5.000
      1991  815 94616.10  -45.801 -72.611 13.0       5.400
      1991  815 95728.70  -56.284-141.427 10.0       5.200
      1991  815105813.90  -45.713 -72.557 10.0       5.300
      1991  8151150 3.50  -45.740 -72.537 10.0       5.100
      1991  815121615.40  -45.815 -72.299 10.0       5.400
      1991  815125536.50  -45.761 -72.465 10.0       5.100
      1991  815133559.40  -16.064 168.010171.0       5.900
      1991  815205456.00    0.935 125.952 43.0       5.100
      1991  815214645.00   44.908 151.884 33.0       5.000
      1991  815232753.80   52.823-170.789105.0       5.300
      1991  816 92946.60   -2.455 140.539 33.0       5.200
      1991  816222617.20   41.697-125.385 10.0       5.500
      1991  817 51449.10   -5.486 152.610 35.0       5.200
      1991  817 61834.00   10.045 -69.948 10.0       5.500
      1991  8171239 3.80   10.617 -62.176 63.0       5.200
      1991  817125610.20   -6.323 130.279161.0       5.000
      1991  817192940.00   40.235-124.348 12.0       6.000
      1991  817221714.60   41.821-125.397 14.0       6.200
      1991  818 54512.50   -4.092 127.052257.0       5.000
      1991  818105251.30  -17.994-178.572578.0       5.400
      1991  818144526.50   24.330 142.046550.0       5.000
      1991  818153318.80    0.066 123.200177.0       5.000
      1991  8182152 6.00  -31.939 -71.483 46.0       5.400
      1991  819 32327.50  -51.091 159.355 10.0       5.000
      1991  819 5 330.30   85.463  14.456 10.0       5.000
      1991  819 52121.80   22.737 142.873109.0       5.100
      1991  819 6 551.30   46.944  85.302 30.0       5.500
      1991  820 84640.50   37.646  72.150135.0       5.200
      1991  821 52427.60  -34.394-179.802 77.0       5.100
      1991  82116 325.80  -30.689 -72.101 38.0       4.900
      1991  822 05840.10  -45.816 -72.809 10.0       5.100
      1991  822 45016.40  -24.305 179.766587.0       5.100
      1991  822 53216.10  -18.208-173.497 33.0       5.100
      1991  822 7 743.10  -23.728-179.819521.0       5.300
      1991  822131812.60  -23.834-179.790535.0       5.300
      1991  8222115 4.50   55.771 114.364 23.0       5.200
      1991  823 95853.80  -13.687 167.681 33.0       5.000
      1991  8231616 8.10    9.977 126.120 32.0       5.200
      1991  823201624.50   -9.209 123.526 31.0       5.400
      1991  824 0 557.80    3.778  95.213 33.0       5.100
      1991  824 8 311.20  -14.607 166.869 84.0       5.300
      1991  824 93241.90   -8.075 122.440204.0       5.300
      1991  824111319.70   -6.065 130.368149.0       5.600
      1991  824213015.10   -4.063 129.168139.0       5.400
      1991  825 5 059.80    5.649  94.116 44.0       5.200
      1991  825 640 5.90  -21.354-174.174 33.0       5.500
      1991  825 64911.70   -6.527 154.484 56.0       5.000
      1991  826 81619.30  -17.832-115.923 10.0       5.000
      1991  82610 159.70   18.959 -80.877 10.0       5.300
      1991  826145944.90   42.100 144.635 29.0       5.800
      1991  826204231.80    6.937  94.531 26.0       5.400
      1991  826205423.00    6.882  94.609 22.0       5.800
      1991  826215613.60    6.669  94.661 33.0       5.000
      1991  826225236.80  -14.601 167.274232.0       5.000
      1991  827 41616.80  -20.855 -68.775123.0       5.000
      1991  827 83931.70  -55.767 -27.013 33.0       5.200
      1991  827 85057.40  -18.037-178.485599.0       5.200
      1991  827114622.30  -16.278 -73.278 74.0       5.300
      1991  827115822.10  -21.657 -68.506116.0       5.100
      1991  828 129 2.00   35.338 133.208 13.0       5.200
      1991  828 64744.00  -21.191 170.365 21.0       5.300
      1991  828213235.00  -22.230 179.639599.0       5.500
      1991  828232226.40  -15.585-173.747 33.0       5.400
      1991  829 1 036.30  -17.823-115.975 10.0       5.300
      1991  829 52111.60  -20.710-177.749376.0       5.400
      1991  829 82115.20  -20.704-177.747379.0       5.200
      1991  829 84440.90   -3.161 139.709 33.0       5.100
      1991  829165949.00   -6.988 -12.677 10.0       5.000
      1991  830 01621.20   -4.349 -81.541 23.0       5.200
      1991  830 12927.80   -3.351 134.441 33.0       5.400
      1991  83011 6 5.30   12.212 142.167 95.0       5.100
      1991  831164346.70  -22.425 -68.311117.0       5.000
      1991  831211956.80   -2.271 128.147 33.0       5.100
      1991  9 1 651 4.50   78.967   3.604 10.0       5.200
      1991  9 1 71832.90   -3.442 134.569 33.0       5.000
      1991  9 1 72157.60  -15.142-173.289 10.0       5.000
      1991  9 1 82228.30  -22.436 170.257 39.0       5.100
      1991  9 1111513.30  -55.382 -27.754 33.0       5.000
      1991  9 2 3 342.90   42.292 143.019 66.0       5.200
      1991  9 211 550.40   37.440  95.402 10.0       5.500
      1991  9 2174322.50  -45.781 -72.333 10.0       5.300
      1991  9 3 63842.80   -5.036 144.837 64.0       5.000
      1991  9 3 65943.20  -23.952 -66.857183.0       5.000
      1991  9 3 84448.60   33.649 138.778 27.0       5.900
      1991  9 3 9 528.30  -17.910-116.001  9.0       6.000
      1991  9 3115616.20  -17.921-115.992 11.0       5.800
      1991  9 3195031.20   -4.098 129.738 33.0       5.000
      1991  9 4 83233.50   10.746  92.843 33.0       5.100
      1991  9 4 857 6.00  -21.601-173.997 38.0       5.000
      1991  9 4222721.70   15.204 120.404 21.0       5.600
      1991  9 5103357.40  -11.590 166.536 47.0       5.000
      1991  9 61146 6.80   -6.124 130.622146.0       5.300
      1991  9 6131450.00   -0.301 132.775 20.0       5.100
      1991  9 7 41425.40   -7.220 123.769604.0       5.100
      1991  9 7104020.20    1.644 126.312 37.0       5.000
      1991  9 7143256.40  -24.103-179.836534.0       5.300
      1991  9 722 736.70  -21.139-174.295 59.0       5.200
      1991  9 8101458.80   36.264  71.324133.0       5.000
      1991  9 8135030.80  -40.250 175.053 88.0       5.600
      1991  9 8182010.20    6.190  94.835 29.0       5.000
      1991  9 9 53717.60  -31.756-179.977535.0       5.200
      1991  9 9143020.30   12.796 143.927 33.0       5.100
      1991  9 915 343.10   51.256-178.199 33.0       4.900
      1991  9 915 630.30   12.678 144.008 30.0       5.000
      1991  9 9162225.30   -3.500 145.263 27.0       5.200
      1991  910202731.90   -7.481 128.870155.0       5.000
      1991  912 03330.70   54.905 111.112 25.0       5.100
      1991  913125657.10   -9.884 149.917 28.0       5.000
      1991  9141025 1.30   61.384-140.005 10.0       5.000
      1991  914131639.70   40.171 105.046 25.0       5.100
      1991  914141441.90  -39.136 174.236588.0       5.000
      1991  91419 0 0.00   37.226-116.428  0.0       5.500
      1991  915 63912.30  -17.879-116.021 10.0       5.600
      1991  915102737.10   -6.839 147.333 83.0       5.100
      1991  915145756.30   -5.372 146.859224.0       5.100
      1991  915225620.60  -31.512 -69.936110.0       5.200
      1991  916132338.90   28.999  51.321 33.0       4.900
      1991  916174717.80   -5.487 147.055215.0       5.100
      1991  9162219 8.00  -13.246 167.139163.0       5.400
      1991  91711 725.30  -12.695 166.536139.0       5.000
      1991  9171251 0.90  -30.975-177.151 33.0       5.100
      1991  917143757.20   -6.631 130.661 89.0       5.200
      1991  917144515.40  -25.195 178.354559.0       5.300
      1991  917211029.30   35.828-121.323  9.0       5.200
      1991  918 81316.50   -5.477 151.099116.0       5.200
      1991  918 84855.90   52.645 158.230 33.0       5.000
      1991  918 94813.10   14.646 -90.986  5.0       5.700
      1991  91813 541.70   24.611 122.903117.0       5.000
      1991  919 1 748.20  -31.131-177.590 59.0       5.200
      1991  919 14148.00   48.818 154.870 35.0       5.600
      1991  919 45836.60   35.921  69.862 99.0       5.000
      1991  919 72829.70   -3.453 133.968 17.0       5.200
      1991  920111611.50   36.191 100.063 13.0       5.500
      1991  920122421.50   -5.428 146.448146.0       5.100
      1991  920144746.40   -6.486 129.850180.0       5.400
      1991  921 14647.30  -55.483 -28.962 33.0       5.100
      1991  921151948.10  -16.232-173.004 17.0       5.800
      1991  921161336.90   -8.515 106.694 33.0       5.100
      1991  922 63237.30   49.644 156.549 30.0       5.500
      1991  923 65830.00   45.542 150.727 55.0       5.100
      1991  923104138.50  -17.611-173.578 10.0       5.000
      1991  923151620.30    9.612 -84.715 10.0       5.000
      1991  923154848.40    2.354 128.333136.0       5.100
      1991  924 5 6 2.80   -6.551 130.230 84.0       5.300
      1991  92420 5 1.40   53.996-164.297 33.0       5.000
      1991  925111630.20  -20.747-174.834 33.0       5.200
      1991  925141417.30  -33.692 179.628199.0       5.000
      1991  925174316.50  -23.364-178.902410.0       5.300
      1991  925204623.90  -56.748 147.393 16.0       5.200
      1991  926 53310.80   -6.885 125.243556.0       5.000
      1991  926 55918.60   16.130 -98.237 19.0       5.300
      1991  926 91450.40   -9.283 158.620 26.0       5.200
      1991  926221625.70  -16.117-173.245 28.0       5.200
      1991  926224255.30   -1.151 120.632 33.0       5.000
      1991  927121123.00  -21.414-174.117 35.0       5.200
      1991  92723 125.60   -3.359 137.625 64.0       5.500
      1991  928 65725.60   -4.733 103.217 33.0       5.100
      1991  928 93823.70   27.868 140.820 33.0       5.200
      1991  928104826.70   27.926 140.742 33.0       5.100
      1991  928202656.10   -5.814 150.959 28.0       5.800
      1991  929 355 5.50   -8.200 -74.342166.0       5.000
      1991  929 41358.50   35.704 140.130 76.0       5.100
      1991  930 02146.40  -20.878-178.591566.0       6.300
      1991  930 04225.30  -20.941-178.713591.0       5.600
      1991  930 94442.10   22.535 121.479 24.0       5.500
      1991  93012 850.60   -6.751 130.442 65.0       5.200
      1991  9301633 6.20   37.766 101.323 20.0       5.300
      1991 10 1 63649.80  -55.759 -27.943 33.0       5.000
      1991 10 1102424.50  -31.518-178.812 33.0       5.300
      1991 10 1203020.00   35.705  65.512 12.0       5.300
      1991 10 2 63727.10   -6.120 150.926 10.0       5.100
      1991 10 2143255.10  -10.402 161.363 91.0       5.400
      1991 10 2161835.10  -46.539 -10.443 10.0       5.000
      1991 10 2174910.70  -10.272 161.064 95.0       5.200
      1991 10 312 140.80  -33.221-179.353 33.0       5.100
      1991 10 3154614.30  -10.147 160.867 45.0       5.100
      1991 10 319 738.70  -33.948 179.622 33.0       5.200
      1991 10 3202010.20  -17.029 167.941 10.0       5.000
      1991 10 3202417.30  -16.817 167.887 10.0       4.900
      1991 10 3204331.10  -16.852 168.156 16.0       5.200
      1991 10 5 55850.40  -19.123-172.984 33.0       5.100
      1991 10 5 72427.90   52.149-169.243 33.0       5.300
      1991 10 5 73241.00    0.690 121.193104.0       5.000
      1991 10 513 934.30  -24.707 179.977501.0       5.000
      1991 10 6 14647.50   41.096  43.409 18.0       5.000
      1991 10 6 24624.60  -64.748 177.705 10.0       5.300
      1991 10 6 75133.60  -16.773 168.082 22.0       5.000
      1991 10 6101253.10   51.077-176.496 33.0       5.100
      1991 10 6164821.10   -7.358 -74.827143.0       5.400
      1991 10 61952 7.30  -59.057 -25.568 33.0       5.100
      1991 10 7103831.90   33.638 141.007 51.0       5.000
      1991 10 7112849.40    3.309 125.719113.0       5.000
      1991 10 7195621.10  -10.553 117.161 50.0       5.200
      1991 10 8 33115.60   45.587 149.049146.0       6.000
      1991 10 9121918.50    0.904 -87.389 10.0       5.000
      1991 10 9153924.50   53.516-165.906 33.0       5.200
      1991 10 91722 5.40    1.804  31.293 33.0       5.700
      1991 1010 0 614.40  -13.950 167.242200.0       5.100
      1991 1010 13229.40  -17.505-174.535152.0       5.300
      1991 1010 7 4 2.50  -31.656  57.778 10.0       5.100
      1991 1010 85237.50   13.291 121.088 53.0       5.000
      1991 10102320 7.50    3.514 -83.322 10.0       5.000
      1991 1011 21630.30  -29.573-177.535 33.0       5.200
      1991 1011 3 151.20   -2.769 153.070 28.0       5.400
      1991 1011 3 753.30   51.216-176.959 33.0       5.000
      1991 1011 31441.00   31.658  50.742 38.0       5.200
      1991 1011 72130.20   -5.585 154.298113.0       5.200
      1991 1011 95043.30   52.828 154.537 33.0       5.000
      1991 1011104450.00   -7.599 117.454313.0       5.100
      1991 1011161230.30  -16.890-174.173131.0       5.000
      1991 101120 425.80   -6.061 130.336106.0       5.100
      1991 1011202216.20  -20.599-178.501613.0       5.000
      1991 1012 5 836.30   22.798 121.536  8.0       5.100
      1991 1012162624.80  -13.742 166.673 44.0       5.900
      1991 1012184238.40   -7.025 130.124140.0       5.000
      1991 1013 05518.70    2.325 127.620 24.0       5.000
      1991 1013 05753.20    2.453 127.727 27.0       5.600
      1991 1013 61223.70    2.422 126.903 33.0       5.000
      1991 1013181220.30  -56.097-122.633 10.0       5.200
      1991 1014 55525.10   -6.045 154.442418.0       5.200
      1991 1014 820 9.50    1.773 127.312137.0       5.000
      1991 1014143555.70  -18.094-178.442583.0       5.300
      1991 1014155812.70   -9.094 158.442 23.0       6.300
      1991 1014155915.60   -4.533 135.564 33.0       5.300
      1991 1014161657.20   -9.080 158.599 31.0       5.900
      1991 1014165553.00   -9.026 158.356 19.0       5.500
      1991 1014193151.80   -9.207 158.728 26.0       4.900
      1991 1015 33022.10   -9.029 158.214 16.0       5.000
      1991 1015 9 717.40   -9.131 158.395 26.0       5.100
      1991 10151618 1.70   -6.494 130.043137.0       5.900
      1991 101523 055.00   34.433  26.240 21.0       5.200
      1991 1016 3 614.90   -9.633 119.806 46.0       5.200
      1991 1016 52519.90   -7.508 128.117151.0       5.000
      1991 1016 6 555.00   32.456 142.312 35.0       5.100
      1991 1016115354.10  -10.427 123.699 33.0       5.100
      1991 1016173930.00   48.406 155.284 29.0       5.000
      1991 1017 41341.60  -32.325-178.602 33.0       5.400
      1991 1017 52057.80   -4.524 135.375 23.0       5.600
      1991 1017 9 520.20  -15.300-173.556 36.0       5.600
      1991 1017154325.60  -17.971-178.654556.0       5.200
      1991 1017164624.50  -28.925-178.006 31.0       5.000
      1991 1017165727.10   42.936 144.998 65.0       5.100
      1991 1017174656.80   86.986  63.221 10.0       5.100
      1991 1017181157.50   53.110 159.615 32.0       5.100
      1991 101721 251.20   28.533 -43.551 10.0       5.000
      1991 1017213330.70  -17.830-175.476269.0       5.000
      1991 1018103218.50   31.932 141.628 33.0       5.200
      1991 101814 454.90   35.692  28.484 52.0       5.300
      1991 1018172255.10  -24.295-177.561198.0       5.800
      1991 1018191010.40    7.817 122.127 36.0       5.300
      1991 10181912 0.00   37.063-116.045  0.0       5.200
      1991 1018192759.10  -24.009-175.830 18.0       5.300
      1991 10182322 2.00    2.559 127.839 23.0       5.000
      1991 1019 15527.50    0.945  97.408 27.0       5.100
      1991 1019 4 9 7.50   53.695-167.137 33.0       5.000
      1991 1019 459 8.20   53.736-167.234 33.0       5.000
      1991 1019 51848.00   44.289 149.595 46.0       5.600
      1991 1019 84819.20   -9.012 117.170 97.0       5.800
      1991 10191645 6.60  -20.992-178.599604.0       5.100
      1991 1019212314.30   30.780  78.774 10.0       6.500
      1991 1020 117 3.10   53.819-166.923 33.0       5.000
      1991 1020 95127.80   33.336 135.247 41.0       5.200
      1991 102022 721.60   -0.856 146.611 33.0       5.000
      1991 1021224448.40   17.037 145.698182.0       5.000
      1991 1023 41112.90    3.677 124.164 33.0       5.000
      1991 1023 41558.60    2.218 127.165105.0       5.000
      1991 1023 52717.60   -6.986 105.401 61.0       5.400
      1991 1023 72031.10  -17.715-178.787557.0       5.000
      1991 1023122456.30  -11.343 166.403136.0       5.300
      1991 1023124939.60    9.927 126.004 81.0       5.300
      1991 1023221510.80  -26.460-175.270 33.0       5.100
      1991 1023231837.00   51.246 178.376 33.0       5.100
      1991 1023235944.20   51.250 178.348 33.0       5.400
      1991 1024 0 317.20   37.388  74.715 33.0       5.200
      1991 1024231220.60   -2.695 101.106 52.0       5.100
      1991 1025 522 6.10   -0.757 127.421 33.0       5.100
      1991 10251039 1.30   43.301 144.351 98.0       5.700
      1991 10251325 2.60  -31.479-177.773 33.0       5.100
      1991 1025134821.50   13.399 120.437 23.0       5.200
      1991 1025144039.80   23.788 122.952 27.0       5.200
      1991 1026 22731.50   18.506 145.668192.0       5.500
      1991 1026 52759.60    7.359 -34.869 10.0       5.000
      1991 1027 0 449.30  -35.568-178.820100.0       5.200
      1991 1027 5 645.90   35.963 141.380 29.0       5.200
      1991 1027 7 123.20   40.198  63.054 39.0       5.000
      1991 1027102246.50   -5.198 152.691 64.0       5.500
      1991 1027161731.00  -22.086 -67.400178.0       5.400
      1991 102722 3 9.40   -2.577 126.303 57.0       4.900
      1991 102722 5 3.50  -57.761 -25.370 33.0       5.400
      1991 1028 1 910.80   33.827 131.222 17.0       5.100
      1991 1028 8 6 7.60   -5.599 152.121 49.0       5.300
      1991 1028175212.00    1.134  96.792 33.0       5.000
      1991 1028215034.90   37.629  72.214 86.0       5.100
      1991 1029 92440.00   44.012 148.245 79.0       5.200
      1991 1029165035.90   -6.600 130.806105.0       5.200
      1991 1029231357.40  -16.184 167.990177.0       5.300
      1991 1030 1 243.40   -7.106 154.855 31.0       5.200
      1991 1030 4 242.50   -5.657 153.899 69.0       5.700
      1991 1030 45621.90  -16.284-173.478 33.0       5.000
      1991 1030103541.40  -15.310-173.187 18.0       5.800
      1991 103016 138.30   36.623  71.358173.0       5.000
      1991 1030163718.20  -18.003-173.276 33.0       5.000
      1991 1031 11134.80   -2.020 134.307 33.0       5.200
      1991 1031 229 2.50   40.148  72.841 21.0       5.200
      1991 11 1 25112.70    1.235 122.105 37.0       5.600
      1991 11 1162322.30  -30.255-177.981 21.0       6.400
      1991 11 1163253.70  -30.430-177.731 10.0       5.700
      1991 11 1165256.40   46.550 152.782 43.0       5.000
      1991 11 1194045.20   -9.313 154.189 39.0       5.100
      1991 11 2152656.60   11.314 126.123 41.0       5.000
      1991 11 3173747.60  -16.560-173.998 33.0       5.200
      1991 11 3181413.80   -7.040 155.003 63.0       5.000
      1991 11 3182855.40  -26.895  26.700  5.0       5.100
      1991 11 4 15031.60   30.666  50.218 39.0       5.400
      1991 11 4 51738.20   31.437 140.210 20.0       5.200
      1991 11 4 624 2.60   -6.072 148.198 50.0       5.700
      1991 11 4114943.20   -2.704 153.233 27.0       5.000
      1991 11 5 65058.20   -4.692-105.904 10.0       5.000
      1991 11 5 656 3.00   -6.237 146.444105.0       5.800
      1991 11 5 71212.40  -20.656-176.687262.0       5.300
      1991 11 5 74949.10   30.604  50.169 38.0       5.000
      1991 11 5211616.00  -16.908  66.162 10.0       5.600
      1991 11 7 42250.50  -21.430-179.102625.0       5.000
      1991 11 7 55935.50  -26.309-177.877200.0       5.600
      1991 11 7 92123.70   -7.320 128.550140.0       5.900
      1991 11 8 95845.50   25.565 142.284 33.0       5.000
      1991 11 8111330.30    6.224 126.607 83.0       5.000
      1991 11 8151344.10   26.323  70.607 22.0       5.600
      1991 11 8171243.90   -4.273 102.806 80.0       5.700
      1991 11 9 7 451.70  -56.189 -27.150 33.0       5.300
      1991 1110 82020.70   10.002 -83.262 37.0       5.200
      1991 1110 937 7.70  -30.656-176.322 33.0       5.300
      1991 111013 439.30  -59.449 -26.183 33.0       5.200
      1991 1110151914.20   30.585  50.268 44.0       5.000
      1991 1110172216.40    3.420 128.037 66.0       5.000
      1991 1111161550.30  -24.216-177.393178.0       5.500
      1991 1111164010.10    3.422 128.031161.0       5.300
      1991 1111174557.40   17.911-105.586 11.0       5.500
      1991 1111221738.50  -20.997-178.959615.0       5.000
      1991 1111223440.90   24.705 142.570 25.0       6.000
      1991 1112 12534.50   43.716 147.846 30.0       5.000
      1991 1112 85334.80  -31.114-178.552105.0       5.200
      1991 1113 21453.90   -9.013 158.320 29.0       5.200
      1991 111310 056.40   -4.003 127.632179.0       5.100
      1991 1113111213.20    8.361 126.371 36.0       6.100
      1991 1113132147.50    2.914 -76.434149.0       5.000
      1991 11131920 4.20   33.472 137.845308.0       5.400
      1991 1113202735.20    3.140 -78.576 26.0       5.200
      1991 111321 429.00   30.751  50.082 33.0       5.100
      1991 1113223017.60   -8.768 158.796 33.0       5.200
      1991 1114135255.50   -8.071 125.107 60.0       5.000
      1991 111421 3 8.30  -14.928 167.269156.0       5.000
      1991 1116 03538.30  -37.276 176.755286.0       5.000
      1991 1116111238.10   -5.354-100.733 10.0       5.300
      1991 1116123246.50   37.687  66.472 28.0       5.000
      1991 1117 746 7.60   40.038 142.693 42.0       5.200
      1991 1117104216.00  -14.539 167.212216.0       5.300
      1991 1117204637.70   -5.111-100.796 10.0       5.400
      1991 1118 856 6.70   37.894 142.690 22.0       5.000
      1991 111811 642.80    3.443 126.509 26.0       5.000
      1991 11181136 6.20  -24.166-176.233 56.0       5.200
      1991 1119 53434.80   -1.331 134.261 27.0       5.200
      1991 1119115638.40    8.436 -39.494 10.0       5.100
      1991 1119132921.60  -56.121-123.371 10.0       5.200
      1991 1119174939.70   43.409 147.667 33.0       5.100
      1991 1119222851.00    4.554 -77.442 21.0       6.400
      1991 1120 44049.70  -44.920 -80.956 10.0       5.300
      1991 1120 923 9.40  -36.515 178.385 79.0       6.000
      1991 1120 94228.60  -30.663-177.837 68.0       5.500
      1991 1121123828.50    5.782 126.832 73.0       6.000
      1991 1121125157.20   -6.813 131.220126.0       5.100
      1991 112123 314.40   48.749 -28.046 10.0       5.200
      1991 1122183553.20  -22.361 174.177 33.0       5.100
      1991 112320 041.70  -26.759-114.939 10.0       5.200
      1991 11232252 4.10   -0.346  98.091 24.0       5.200
      1991 1124 347 9.10   16.434 -97.853 30.0       5.300
      1991 1124113015.10  -28.515-176.118 33.0       5.100
      1991 1125141544.60   -8.778 -74.437146.0       5.300
      1991 1126104132.00   51.400-176.000 24.0       5.800
      1991 1126134737.10   -8.851 113.771107.0       5.100
      1991 1126194048.50   42.051 142.523 56.0       6.100
      1991 1127 5 331.30   48.237 154.807 28.0       5.900
      1991 1127 65842.70  -17.857-116.057 10.0       5.000
      1991 1127114518.80    4.673 -77.564 39.0       5.100
      1991 1127115414.10  -27.108-177.558187.0       5.000
      1991 1127222514.90   46.435 152.707 53.0       5.000
      1991 1128 2 357.90    3.034 128.331 45.0       5.000
      1991 1128171955.50   36.924  49.603 16.0       5.600
      1991 11292335 6.80  -44.375 167.846 10.0       5.200
      1991 1130 22318.60   -4.191 129.292 34.0       5.300
      1991 11301411 0.30  -10.839 -74.424 33.0       5.000
      1991 12 1131323.00  -22.358-179.522576.0       5.000
      1991 12 120 310.50  -26.878  26.664 10.0       5.000
      1991 12 1224115.20  -32.065 -69.513115.0       5.200
      1991 12 2 84940.20   45.498  21.115  9.0       5.200
      1991 12 2112054.90   -6.137 149.855 60.0       5.200
      1991 12 21314 7.50  -16.235-172.515 33.0       4.800
      1991 12 2172721.70  -15.867 -69.288241.0       5.100
      1991 12 2173220.70  -17.864 -13.836 10.0       5.300
      1991 12 3103339.90  -26.483 178.715561.0       6.000
      1991 12 3154612.60   -6.291 104.146 54.0       5.100
      1991 12 3175435.80   31.703-115.910  5.0       5.000
      1991 12 4 24730.30  -15.364-174.240 33.0       4.900
      1991 12 4 64257.00   -1.142 129.013 20.0       5.000
      1991 12 5 91528.10  -41.266  80.401 10.0       5.300
      1991 12 5175118.40   -2.430 140.026 60.0       5.300
      1991 12 51957 9.70   12.509 144.417 36.0       5.100
      1991 12 5202155.30   36.135  31.807115.0       5.200
      1991 12 7114230.10   60.954-150.344 51.0       5.200
      1991 12 71159 0.90   45.475 151.391 50.0       5.700
      1991 12 7134729.30    1.808 126.481 65.0       5.000
      1991 12 7135740.60   24.059  93.913 69.0       5.100
      1991 12 7142232.20   25.191  62.974 30.0       5.200
      1991 12 716 317.10   45.372 151.544 24.0       5.000
      1991 12 7163454.90   45.422 151.553 44.0       5.600
      1991 12 7192124.40  -37.443  51.281 10.0       5.100
      1991 12 8 24940.40  -31.304-178.206 63.0       5.200
      1991 12 8 63411.00   45.350 151.501 42.0       5.200
      1991 12 811 249.20  -32.685 -67.712 28.0       5.000
      1991 12 814 954.50   45.471 151.554 40.0       5.400
      1991 12 8233431.10   45.461 151.538 16.0       5.100
      1991 12 9 1 246.50   29.543  81.632 29.0       5.600
      1991 12 9 65735.20   -3.771 151.375 10.0       5.300
      1991 12 9 923 4.80   37.207 -24.354 10.0       5.300
      1991 12 9233914.40    0.177 125.790 72.0       5.000
      1991 1210 03141.50   -4.632 152.979 24.0       5.100
      1991 1210 83055.60   38.690 144.363 33.0       5.100
      1991 1210153541.10  -17.866-116.090 10.0       5.100
      1991 1210231957.60    4.764 -77.469 29.0       5.200
      1991 1211 41535.50  -20.319-177.766543.0       5.100
      1991 1211 62941.80  -22.692-175.124 42.0       5.700
      1991 121117 310.60  -17.821-116.017 19.0       5.900
      1991 12111758 6.50  -17.819-116.017 11.0       5.200
      1991 1211203939.20  -23.368 171.044 37.0       5.800
      1991 1212 613 1.20  -18.178 168.026 33.0       5.000
      1991 1212154133.60   -4.825 152.516 71.0       5.400
      1991 1213 01256.50   -7.270 128.621159.0       5.600
      1991 1213 23351.80   45.578 151.560 30.0       6.100
      1991 1213 251 6.30   45.507 151.755 43.0       5.000
      1991 1213 32438.10   45.386 151.636 46.0       5.000
      1991 1213 34714.00   45.293 151.606 42.0       4.900
      1991 1213 54529.00   45.567 151.530 26.0       6.000
      1991 1213 8 010.30   45.491 151.775 44.0       5.500
      1991 1213 8 8 3.20   45.305 151.696 45.0       5.100
      1991 12131032 4.50    7.494 124.874 32.0       5.100
      1991 1213133729.50  -21.566 170.531160.0       5.000
      1991 1213144132.30   45.582 151.719 33.0       5.000
      1991 1213153324.00   45.338 151.826 45.0       5.000
      1991 1213154452.80   44.980 151.539 49.0       5.200
      1991 121317 0 5.70   45.184 151.897 47.0       5.000
      1991 1213182846.30   45.092 151.805 43.0       5.000
      1991 1213185552.10    9.859 126.258 83.0       5.100
      1991 12131859 6.50   45.521 151.707 19.0       6.100
      1991 1213192126.70   45.288 151.571 45.0       5.400
      1991 1213194113.50   45.386 151.643 43.0       5.100
      1991 12131955 9.50   45.435 151.270 48.0       5.900
      1991 1213195818.50   45.439 151.427 20.0       6.100
      1991 1213203941.70   45.114 151.505 38.0       5.000
      1991 1213204029.40   46.313 151.093 43.0       5.000
      1991 121321 611.00   45.260 151.577 41.0       5.100
      1991 1213221243.30   12.522 141.980 43.0       5.300
      1991 1213224517.90   45.114 151.409 49.0       5.000
      1991 1214 0 757.20  -23.117 -66.531210.0       5.000
      1991 1214 01441.00   45.488 151.609 34.0       5.100
      1991 1214 15652.80   45.283 151.719 45.0       5.000
      1991 1214 82023.80   33.976  88.840 33.0       5.100
      1991 1214184948.60    1.632 127.131129.0       5.300
      1991 1215 61259.30  -36.486 -98.518 10.0       4.900
      1991 1215 63638.40  -30.434-177.921 56.0       5.600
      1991 1215101658.50   45.119 151.366 33.0       5.700
      1991 12151742 9.60   11.928 142.705 20.0       5.000
      1991 12151856 5.60  -17.521 -70.422104.0       5.600
      1991 12152147 0.60   45.299 151.992 46.0       5.100
      1991 1216 44743.10   53.053 159.605 38.0       5.200
      1991 1216 82419.10  -30.507-177.554 33.0       5.100
      1991 1216221150.90  -30.631-177.485 39.0       5.100
      1991 1216221634.70   12.961 141.772 21.0       5.100
      1991 1217 15019.00   -3.611 102.034 72.0       5.600
      1991 1217 341 8.10  -62.551 155.054 10.0       5.200
      1991 1217 423 3.60   43.218 145.552 55.0       5.200
      1991 1217 63817.30   47.393 151.499157.0       5.800
      1991 121711 948.90   45.281 151.959 41.0       5.000
      1991 1217114035.00  -15.137-173.549 33.0       5.000
      1991 121810 1 9.60   45.393 151.433 32.0       5.100
      1991 1218133641.80  -19.024-177.840611.0       5.100
      1991 1218214348.40    9.273 124.075519.0       5.300
      1991 1219 13340.40   45.253 151.176 27.0       6.000
      1991 1219 13732.50   45.357 150.992 33.0       5.800
      1991 1219 44137.20   48.973-128.770 10.0       5.000
      1991 1219 444 7.80   48.938-128.710 10.0       5.300
      1991 1219 44544.60   48.928-128.555 10.0       5.300
      1991 1219 44652.20   45.297 151.433 42.0       5.200
      1991 1219102650.10   45.322 150.900 37.0       5.400
      1991 12191235 7.70  -32.065-178.857 94.0       5.400
      1991 1219142730.00   45.318 151.037 27.0       5.200
      1991 1219185517.40   28.102  57.304 27.0       5.300
      1991 121921 121.50  -24.001 179.871529.0       5.000
      1991 1219224233.00    6.041 -82.584 33.0       5.200
      1991 1220 2 3 4.40  -16.095-173.571 79.0       5.100
      1991 1220 2 6 5.30   24.720  93.103 41.0       5.300
      1991 1220 75942.70   -4.913 151.178140.0       5.200
      1991 1220 83537.30   45.133 151.248 48.0       5.800
      1991 1220181044.70    9.765 -83.617 33.0       5.100
      1991 1221 8 118.30  -22.680 -64.207 33.0       5.000
      1991 12211646 7.90   -4.960 151.510135.0       5.100
      1991 1221194111.50   22.788 143.891 89.0       5.300
      1991 122122 210.30    8.302 -82.747 24.0       5.100
      1991 1222 84313.40   45.533 151.021 25.0       6.300
      1991 1222 84749.90   46.731 151.079 33.0       5.800
      1991 1222 85443.90   45.573 152.083 33.0       5.500
      1991 1222 92654.80   45.258 151.919 33.0       5.000
      1991 1222 95150.00   45.707 152.042 47.0       5.300
      1991 1222 95926.20   44.850 151.452 33.0       5.200
      1991 1222102052.40   45.528 151.551 29.0       5.200
      1991 1222115111.00   45.293 151.948 33.0       5.100
      1991 122215 422.50   44.879 151.516 34.0       5.000
      1991 122217 713.00   44.917 151.190 33.0       5.200
      1991 12222043 7.50   45.134 151.924 33.0       5.000
      1991 1222211542.40   -4.893 103.185 59.0       5.800
      1991 1222215539.80   56.255-155.810 36.0       5.000
      1991 1223 017 0.40   45.609 151.718 45.0       5.300
      1991 1223 15825.10   33.917  88.863 33.0       5.200
      1991 1223 21454.50   33.966  88.942 33.0       5.000
      1991 1223 24353.20   44.956 151.708 33.0       5.100
      1991 12231310 4.90   45.854 151.962 24.0       6.000
      1991 122315 650.50  -36.393 179.764 48.0       5.100
      1991 12231942 6.50   -7.049 129.340 76.0       5.200
      1991 1223195735.70   -3.429 127.305 33.0       5.200
      1991 1223202341.80  -17.666-178.962556.0       5.100
      1991 1224 33817.90   -5.702 110.209533.0       5.100
      1991 1224104714.90   -9.575 117.980 75.0       5.200
      1991 122417 847.00  -29.956-176.919 67.0       5.000
      1991 1225192323.40   45.667 151.734 29.0       5.400
      1991 1226 0 458.90   25.275-109.707 10.0       5.200
      1991 1226 02218.40   25.307-109.693 10.0       5.300
      1991 1226 02537.20   24.969-109.833 10.0       5.200
      1991 1226113556.20   54.382 162.521 29.0       5.500
      1991 12261210 8.40   -7.364 125.909 36.0       5.000
      1991 1226123441.30    7.981 126.681 79.0       5.100
      1991 1227 23243.10  -19.173-176.400 26.0       5.400
      1991 1227 4 558.20  -56.032 -25.266 10.0       6.200
      1991 1227 41946.60   -9.010 157.894 33.0       5.800
      1991 1227 8 928.90  -55.432 -26.424 33.0       5.000
      1991 1227 9 937.50   51.019  98.150 14.0       5.800
      1991 1227171427.20   -9.035 157.876 10.0       5.300
      1991 1228 05210.10  -56.102 -24.614 10.0       6.100
      1991 1228 22028.10  -55.439 -26.469 33.0       5.300
      1991 1228 34031.60   -6.446 150.344 26.0       5.300
      1991 1228 42021.20   -8.883 157.741 10.0       5.000
      1991 1228 5 828.80   -6.437 150.404 59.0       5.000
      1991 1228 53529.70   -7.963 125.576 36.0       5.300
      1991 1228 9 7 3.30   51.096  98.061 17.0       5.000
      1991 1228103628.90   45.512 151.537 20.0       5.200
      1991 122811 519.00   -6.360 150.242 22.0       5.300
      1991 1228125237.90   45.198 151.087 21.0       5.000
      1991 1228131226.90  -17.810-115.938 10.0       5.000
      1991 1228155947.10  -56.573 -25.325 58.0       5.100
      1991 1229183548.20  -30.870-178.042 71.0       5.200
      1991 12291839 9.40   -4.421 132.727 37.0       6.000
      1991 1229194317.40   49.673 155.977 48.0       5.000
      1991 1230 0 830.50  -24.080-179.960541.0       5.100
      1991 123022 743.50   -4.589 152.943 61.0       5.100
      1991 1230223758.80   17.713 -61.628 47.0       5.100
      1991 1231184753.00  -23.262 179.093564.0       5.000
