      1992  1 2164040.60   48.738-129.233 10.0       5.700
      1992  1 2194145.00    5.638 -73.832134.0       5.800
      1992  1 3 2 515.00   -7.545 130.109 27.0       5.000
      1992  1 3 33920.50  -48.965 123.462 10.0       5.400
      1992  1 3 95544.80    3.501 122.715556.0       5.100
      1992  1 4 05659.10   66.628 -94.766 18.0       5.200
      1992  1 4 33521.60   31.954  69.991 29.0       5.000
      1992  1 5113846.80   35.497 140.237 72.0       5.200
      1992  1 5171421.00   40.873  71.172 16.0       5.000
      1992  1 611 725.20  -17.139-176.814 22.0       5.200
      1992  1 6142814.70    0.683 123.336 58.0       5.300
      1992  1 6204412.40   33.459 138.643 21.0       4.700
      1992  1 6205439.40   14.108 146.639 44.0       5.100
      1992  1 62126 1.20   -6.261 146.417116.0       5.300
      1992  1 714 855.10   -4.390 132.713 40.0       5.000
      1992  1 7172555.60   45.773 151.181 44.0       5.200
      1992  1 7185937.50   -9.683 119.580107.0       5.000
      1992  1 818 442.60   15.551 -95.233 22.0       5.000
      1992  1 9134525.90   36.377  22.765 28.0       5.000
      1992  1 91539 4.10   -9.003-109.355 10.0       5.200
      1992  1 9191619.80   -4.657 133.323 25.0       5.000
      1992  1 9212854.80   -3.490 135.924 33.0       5.100
      1992  110 038 8.20   13.642 120.817144.0       5.100
      1992  110 7 3 2.50  -13.352 -76.463 52.0       5.000
      1992  110144619.10    2.316 127.442 20.0       5.000
      1992  110203523.20  -56.080 -24.435 33.0       5.200
      1992  111 61655.90    9.311  86.964 22.0       5.700
      1992  111105815.50  -18.555-177.503500.0       5.100
      1992  111193751.90  -55.614 -25.221 33.0       4.900
      1992  112 01227.10   39.671  98.300 22.0       5.400
      1992  112 739 6.50   -6.914 154.121109.0       5.000
      1992  1121829 2.10   -8.948 124.298 63.0       5.300
      1992  112205158.30  -32.981-179.798438.0       5.000
      1992  113 93743.70  -20.930-178.717575.0       5.700
      1992  1131140 9.90   17.958 121.635 23.0       5.000
      1992  113115823.10    1.342 127.373113.0       6.000
      1992  113135332.40   -6.616 154.398 96.0       5.100
      1992  11319 744.10  -17.922-179.448583.0       5.100
      1992  113233825.30  -19.005-172.764 33.0       5.300
      1992  114104514.50  -55.617 -25.212 33.0       5.200
      1992  11416 3 5.80  -56.106 -26.451 33.0       5.100
      1992  114211832.60  -33.159-178.689 33.0       5.000
      1992  115 11812.70   -2.169 -77.041148.0       5.100
      1992  115 33211.80  -31.576-176.721 33.0       5.000
      1992  115 5 032.80   13.939 120.667147.0       5.100
      1992  115 65832.40   18.017 -70.618 10.0       5.800
      1992  115233146.40   24.425 142.789 25.0       5.100
      1992  116103227.50  -33.075-178.548 82.0       5.000
      1992  116125813.80  -18.947-175.393231.0       5.100
      1992  116184649.70   41.514 141.850 73.0       5.100
      1992  116205850.20   52.954 159.664 44.0       5.100
      1992  117 01527.10   52.928 159.702 43.0       5.500
      1992  117 443 5.90   -0.249 123.229103.0       5.000
      1992  117101828.30  -33.329-178.712 33.0       5.000
      1992  118154213.60  -35.170 -71.594 33.0       5.000
      1992  1182310 2.90    3.963 123.035541.0       5.400
      1992  11918 421.80  -55.906 -24.277 33.0       5.300
      1992  120 85822.50   27.398  65.994 27.0       5.200
      1992  120104136.60  -17.785-116.029 10.0       5.200
      1992  1201337 3.00   27.983 139.405499.0       5.800
      1992  121 44536.70  -26.616-176.451 28.0       5.100
      1992  121 75720.70   -9.339 122.794 27.0       5.100
      1992  1211329 3.30   -4.028 102.433101.0       5.200
      1992  12122 758.90   26.632  67.198 26.0       5.400
      1992  122 1 655.50   38.470 140.308116.0       5.600
      1992  122 2 2 5.80   -0.093 124.363 92.0       5.000
      1992  122 62449.60  -14.107 167.287198.0       5.300
      1992  122 72345.60  -34.515-179.760 81.0       5.200
      1992  122174351.70  -12.088 167.158 33.0       5.000
      1992  122194648.80   45.379 150.853 34.0       5.100
      1992  122214125.90   35.351 121.109 33.0       5.100
      1992  122215555.50  -15.756-178.578462.0       5.200
      1992  123 42415.60   38.351  20.324 17.0       5.100
      1992  123 62738.60   38.356  20.307 10.0       5.000
      1992  123102626.70   34.566  93.164 33.0       5.200
      1992  123125417.10  -17.581-173.306 33.0       5.200
      1992  123144615.30  -53.436  24.861 10.0       5.000
      1992  123182939.90  -17.983 168.431 98.0       5.000
      1992  124 5 447.30   35.515  74.529 47.0       5.400
      1992  12412 924.30   -9.403 148.796 35.0       5.500
      1992  125171112.50  -50.421 -72.158 33.0       5.100
      1992  126 431 2.80   -5.939 153.959 76.0       5.000
      1992  126 8 948.70   29.803 129.451149.0       5.400
      1992  126 84457.90   -3.684 139.910 33.0       5.000
      1992  126184228.30   53.210 158.538144.0       5.000
      1992  127 61852.90  -13.293 166.591 33.0       5.700
      1992  127 82341.70   -2.864 139.975 33.0       5.100
      1992  127 95258.80  -21.481 -68.032145.0       5.000
      1992  127222659.30    0.411 126.377 33.0       5.100
      1992  128 74140.40   -5.381 151.721 69.0       5.000
      1992  128102549.50   -6.940 125.937494.0       5.100
      1992  1281529 5.60  -21.358-174.268 37.0       5.300
      1992  12822 654.80  -26.088  71.382 10.0       5.100
      1992  129 91758.40  -17.750-116.057 10.0       5.000
      1992  129115612.90    0.455 126.425 56.0       5.000
      1992  12912 040.10    1.305 122.592 33.0       5.000
      1992  130 446 8.30   -1.742 -12.841 10.0       5.000
      1992  130 522 1.40   24.958  63.141 29.0       5.500
      1992  1301554 5.30    1.900 128.580 29.0       5.300
      1992  130181355.30   26.584 126.359138.0       5.000
      1992  130224217.00  -58.214 148.528 10.0       5.100
      1992  130233353.10   22.913 142.900 33.0       4.800
      1992  131233335.30   -3.342 135.466 47.0       5.200
      1992  2 1172244.90  -15.799 -71.719 10.0       5.000
      1992  2 119 4 4.50   35.106 139.644100.0       5.600
      1992  2 2 022 5.90  -51.654 139.406 10.0       5.700
      1992  2 2 03130.90  -51.547 139.704 10.0       5.600
      1992  2 2 232 1.90   -5.346 146.947200.0       5.100
      1992  2 2174335.60   45.445 150.794 36.0       5.600
      1992  2 2193716.50   -4.158 102.157 63.0       5.200
      1992  2 2194022.10   14.521 145.828115.0       5.300
      1992  2 3 22540.80    3.938 126.397 75.0       5.100
      1992  2 3 71344.60   -6.187 131.466 95.0       5.200
      1992  2 312 730.40  -18.791 169.208229.0       5.100
      1992  2 4 15839.70   -7.138 109.067 58.0       5.000
      1992  2 413 445.50  -19.729-178.120600.0       5.400
      1992  2 4172143.20   -2.999 139.555 33.0       5.000
      1992  2 5 44930.80   -6.425 130.189 82.0       5.000
      1992  2 5 53314.40   45.199 150.980 52.0       5.600
      1992  2 5131341.30   52.244-170.225 33.0       5.500
      1992  2 5131426.70   -5.771 147.620137.0       5.000
      1992  2 5231048.60   31.426  66.825 18.0       5.100
      1992  2 5234136.80   31.365  66.858 33.0       5.000
      1992  2 6 11238.50   -5.720 103.156 37.0       5.900
      1992  2 6 31456.00  -40.416 -74.518 34.0       5.200
      1992  2 6 33515.30   29.610  95.521 15.0       5.600
      1992  2 6 35437.60   -5.684 103.162 33.0       5.300
      1992  2 6 435 1.20   -5.775 103.076 37.0       5.400
      1992  2 6 51850.50   -5.834 147.767113.0       5.200
      1992  2 6141843.00  -56.045 -24.522 33.0       5.100
      1992  2 6165059.20  -22.144-179.453608.0       5.100
      1992  2 7 0 628.70   43.202 146.572 53.0       5.600
      1992  2 7 55945.20  -59.047 -25.919 33.0       5.200
      1992  2 7 63525.90   52.912 159.532 48.0       5.400
      1992  2 7 94839.60   55.763 160.803146.0       5.000
      1992  2 7161814.60  -25.981-176.854 62.0       5.200
      1992  2 72234 8.70    7.713 121.959 39.0       5.000
      1992  2 8 82234.20    7.031 -78.322 33.0       5.100
      1992  2 810 348.40   45.216 150.937 51.0       5.100
      1992  2 9 74918.10   51.494-178.389 35.0       5.100
      1992  2 9124452.70   29.627  95.646 10.0       5.100
      1992  2 922 158.40   48.014 152.968123.0       5.600
      1992  210 31840.00   29.303 142.099 15.0       5.100
      1992  210123857.10   21.173 121.901 22.0       5.000
      1992  2102238 2.30   -6.006 150.784 65.0       5.000
      1992  211102540.70   -9.239 124.827 27.0       5.700
      1992  211152240.70  -18.970-174.847175.0       5.100
      1992  211203449.20   -0.753 122.440 54.0       5.000
      1992  211204236.40    4.008 126.461 33.0       5.000
      1992  211221124.20   51.457-174.613 52.0       5.100
      1992  211223226.30   51.521-174.613 47.0       5.000
      1992  212 1 2 4.50   51.408 177.980 51.0       5.000
      1992  212 632 8.80   -2.742 129.750 33.0       5.000
      1992  212115653.60   17.798-101.613 32.0       5.100
      1992  21217 623.70  -16.222-173.071 48.0       5.100
      1992  212173310.30  -55.551 -26.811 33.0       5.000
      1992  213 12913.10  -15.894 166.318 10.0       6.100
      1992  213 23818.40   53.597-165.734 44.0       5.400
      1992  213131224.00  -27.872  74.101 10.0       5.100
      1992  214 05947.70  -17.870-178.451550.0       5.200
      1992  214 81825.70   53.897 108.866 21.0       5.300
      1992  214 91358.60   -5.835 149.200116.0       5.300
      1992  21412 2 3.00   -4.382 146.338 42.0       5.200
      1992  214161038.00  -15.980 166.556 21.0       5.300
      1992  214163235.90   -7.644 146.835 13.0       5.300
      1992  215 452 4.70   75.918 125.210 17.0       5.000
      1992  216205857.20  -55.141 -28.361 33.0       5.000
      1992  217 0 156.60   79.191 124.482 10.0       5.900
      1992  217 43731.40  -55.979 158.123 33.0       5.500
      1992  217 442 8.40  -21.647 170.412137.0       5.600
      1992  217 64451.40   -2.122 128.381 30.0       5.200
      1992  217 854 5.30   47.437 153.975 33.0       5.000
      1992  217121617.70  -18.044-179.677650.0       5.000
      1992  2181027 9.00  -40.000 174.108151.0       5.200
      1992  21817 739.50  -31.168-179.601489.0       5.000
      1992  219 31834.20   -9.696 154.676 21.0       5.100
      1992  219113656.30   28.038 142.519 30.0       5.400
      1992  219201553.30   45.281 151.682 33.0       5.000
      1992  220 32240.20  -10.745 -74.794 33.0       5.000
      1992  220 75817.90  -13.181 166.963118.0       5.100
      1992  220154442.30  -15.382-177.108379.0       5.300
      1992  220174720.30   12.908 145.245 45.0       5.500
      1992  220203524.30  -33.631-179.533 48.0       5.500
      1992  220224843.00   -8.135 116.229200.0       5.200
      1992  221135146.50   -3.509 145.517 33.0       5.200
      1992  221144229.10   -6.228 147.613 55.0       5.500
      1992  221171319.70    2.075 128.408 80.0       5.500
      1992  221183046.00    1.976 126.771 33.0       5.400
      1992  222 03953.80    5.415 114.546 40.0       5.200
      1992  2221128 7.10   17.999 169.954 30.0       5.300
      1992  222234046.90  -32.404-179.493135.0       5.400
      1992  223 62023.20   16.780 146.159 98.0       5.100
      1992  223194221.70  -25.810-179.727435.0       5.100
      1992  224 05753.60   30.879 141.759 43.0       5.000
      1992  224 63953.40  -53.674   2.524 10.0       5.100
      1992  224102642.20   -3.345 142.271 33.0       5.200
      1992  224183139.10   30.919 141.743 46.0       5.000
      1992  225 15725.80   25.195  92.225 33.0       5.000
      1992  225174632.60  -27.135 -71.498 35.0       5.200
      1992  226 34519.70   11.803  57.764 10.0       5.800
      1992  226 53150.90    7.072 126.002 28.0       5.000
      1992  22720 523.80   -6.191 147.576 39.0       5.900
      1992  22721 834.60   -6.383 147.447 48.0       5.000
      1992  228 11233.00    5.036 127.377114.0       5.300
      1992  228 914 9.10  -24.369 -69.924 58.0       5.700
      1992  228205822.70   14.532 -93.145 46.0       4.900
      1992  229 54245.70   12.265 141.242 33.0       5.500
      1992  229 83916.80   -5.417 152.625 49.0       5.000
      1992  229161719.90  -26.689 -64.936 23.0       5.200
      1992  229192858.30   -5.145 147.825194.0       5.000
      1992  3 2 9 556.40  -40.337 176.363 28.0       5.300
      1992  3 2122939.50   52.915 159.886 39.0       6.500
      1992  3 214 759.50   52.835 159.876 35.0       5.000
      1992  3 221 3 7.20   -7.454 125.815 25.0       5.100
      1992  3 223 246.00  -24.310-179.934554.0       5.100
      1992  3 3 11831.20  -14.384 167.179148.0       5.900
      1992  3 3 31144.00   44.242 149.058 21.0       5.800
      1992  3 3 428 3.40   44.157 149.102 38.0       5.600
      1992  3 3 44255.10   44.064 149.138 29.0       5.200
      1992  3 3 73330.60    3.305 128.149 33.0       5.000
      1992  3 3 829 9.20   -5.955 106.159144.0       5.300
      1992  3 31148 3.70  -20.016-173.777 55.0       5.000
      1992  3 3133928.10  -15.937-172.891 34.0       5.200
      1992  3 3184751.30  -17.440-174.370139.0       5.100
      1992  3 322 754.00   -6.593 130.194 28.0       5.100
      1992  3 3231947.10   19.300 121.158 39.0       4.800
      1992  3 3233034.90   -8.403 146.509 52.0       5.200
      1992  3 4 04741.00  -31.192-179.431 33.0       5.200
      1992  3 4 34954.80   -3.008 147.882 19.0       6.000
      1992  3 4125525.00  -17.379 167.705 44.0       5.000
      1992  3 5 01918.20   -6.584 130.451 76.0       5.100
      1992  3 5 855 5.60   11.513  42.812  7.0       5.500
      1992  3 5143910.20   52.900 159.619 45.0       6.300
      1992  3 520 7 0.00  -17.349-178.412439.0       5.000
      1992  3 6 3 139.90  -31.991-178.117 33.0       5.300
      1992  3 6 83223.60   -5.043 151.328135.0       5.000
      1992  3 7 15337.70   10.210 -84.323 79.0       6.200
      1992  3 7125959.80  -26.308  68.302 10.0       5.000
      1992  3 7183713.00   -3.477 146.316 15.0       5.500
      1992  3 8 343 4.40   40.228-124.290 13.0       5.300
      1992  3 8 62932.70   -5.724 150.215119.0       5.400
      1992  3 8174720.10  -58.608 148.911 10.0       5.300
      1992  3 8184522.70  -58.055 -10.559 10.0       5.100
      1992  3 9 744 5.90   12.581 142.566 26.0       5.200
      1992  3 9181515.60   34.165 138.980 26.0       5.000
      1992  3 9204242.10  -17.975-178.758566.0       5.000
      1992  310 312 7.40   -3.226 129.914 57.0       5.000
      1992  3101424 4.40  -20.858-178.063486.0       5.000
      1992  311 83644.70  -52.970 160.091 33.0       5.200
      1992  311165642.40   -7.280 122.463556.0       5.000
      1992  311185439.50   34.305 141.551 24.0       5.200
      1992  311194259.20   -3.438 146.734 28.0       5.600
      1992  311231119.20  -21.547-179.472612.0       5.300
      1992  312 0 342.20   52.970 170.934 24.0       5.700
      1992  312 34419.20  -55.990 -27.093 33.0       5.300
      1992  312 51851.50   32.400 -40.299 10.0       5.100
      1992  31213 555.20   35.308  -2.532 22.0       5.300
      1992  312163446.90   -7.840 -13.635 10.0       5.100
      1992  313 7 049.10   52.817 160.900 33.0       5.000
      1992  31316 1 4.40   52.451-178.945197.0       5.900
      1992  313171839.90   39.710  39.605 27.0       6.200
      1992  3131750 1.20   -9.191 152.394 25.0       5.600
      1992  314 71733.90   16.697 -46.560 10.0       5.000
      1992  314 73024.40   16.786 -46.482 10.0       5.000
      1992  315 1 127.10   23.548 123.562 31.0       5.700
      1992  315 15810.90   -7.321 128.513131.0       5.100
      1992  315 72311.80   45.803 151.219 33.0       5.300
      1992  315161624.20   39.532  39.929 21.0       5.500
      1992  315192154.50  -39.599 -15.325 10.0       5.300
      1992  316 14140.50  -23.851-177.428 33.0       5.100
      1992  316 14716.90  -23.913-177.414 25.0       5.000
      1992  316 15443.40  -23.959-177.315 21.0       5.300
      1992  316 2 254.30  -23.968-177.368 33.0       5.000
      1992  316 44348.70  -23.966-177.312 33.0       5.300
      1992  316232133.30  -35.406 178.528181.0       5.400
      1992  317 038 9.30  -18.394 167.732 33.0       5.300
      1992  317 51355.90    6.539 125.780102.0       5.200
      1992  317 644 2.20   14.459 -92.867 60.0       5.000
      1992  317151012.90  -10.432 -74.608130.0       5.100
      1992  318 03428.00   -6.731 154.981 25.0       5.200
      1992  318 237 9.00   -4.109 142.755121.0       5.100
      1992  318 72752.90   -6.855 154.962 37.0       5.100
      1992  318 826 5.70   -6.780 154.935 40.0       5.400
      1992  318 94624.70   -7.001 154.922100.0       5.000
      1992  3181625 4.10   43.025 147.072 36.0       5.000
      1992  319 61622.00   17.570 -61.144 36.0       5.200
      1992  319 63425.80   17.155 120.827 15.0       5.700
      1992  319194443.90   -4.741 151.935162.0       5.200
      1992  320 53723.90   36.662  24.520 14.0       4.900
      1992  320 81429.30    3.022 123.021528.0       5.200
      1992  320 81646.60  -18.294 168.217 43.0       5.000
      1992  320132011.10   -6.009 146.158123.0       5.100
      1992  320171624.30   13.719 -90.851 61.0       5.100
      1992  3201845 9.60  -56.427 -27.121105.0       5.800
      1992  320235817.60  -52.896 160.526 33.0       4.600
      1992  321 12733.40   -7.346 129.081 87.0       5.200
      1992  321172715.50   45.238 150.771 28.0       5.000
      1992  321204556.70   52.902 171.402 33.0       5.400
      1992  322 82350.20   45.608 151.469 34.0       5.000
      1992  3221925 8.10  -42.669 -18.507 10.0       5.600
      1992  322204520.60  -17.448 167.916 33.0       5.300
      1992  323 23314.90  -17.686-116.031 10.0       5.000
      1992  32314 5 9.60  -55.949 -27.615 80.0       5.300
      1992  324171930.40   -7.751 117.464280.0       5.500
      1992  3241735 9.60  -11.207 118.309 23.0       5.100
      1992  324182012.80  -55.506-124.357 10.0       5.100
      1992  32421 147.50   33.832  72.905 14.0       5.000
      1992  3242247 6.60    3.613 127.008 53.0       5.600
      1992  3242341 8.90   -0.443 126.042 60.0       5.100
      1992  325171537.60   24.455 123.318 78.0       5.400
      1992  325172736.80  -37.703 176.973 33.0       5.500
      1992  325213318.40    2.288 128.048 33.0       5.100
      1992  325214124.70   54.699 159.435136.0       5.100
      1992  325223234.80   24.874  95.231106.0       5.300
      1992  326132739.50   -7.099 124.195611.0       5.000
      1992  326141411.90   51.222-179.723 33.0       5.900
      1992  32615 546.60  -23.092-178.167438.0       5.200
      1992  3261630 0.00   37.272-116.360  0.0       5.500
      1992  327 0 520.10   20.927  94.586 97.0       5.400
      1992  3271323 4.10   52.875-173.988182.0       5.300
      1992  327202814.70   47.863 147.128454.0       5.500
      1992  328 15933.00  -32.108-178.793 33.0       5.400
      1992  328 44821.80  -22.007-176.256142.0       5.200
      1992  329 156 6.90   33.566  72.310 33.0       5.100
      1992  329121927.00  -20.526-178.050542.0       5.200
      1992  32913 042.90   27.207 142.599 35.0       5.400
      1992  329131117.30  -16.969-173.542 65.0       5.300
      1992  329151046.40  -17.737-115.947 10.0       5.200
      1992  329151229.90  -10.128 118.989 32.0       5.400
      1992  3291740 9.40    3.412 -31.547 10.0       5.300
      1992  3292150 2.90    2.684 128.527237.0       5.100
      1992  330 6 942.40  -30.179-177.655 32.0       5.300
      1992  330 61749.00   -6.713 130.083150.0       5.100
      1992  330 7 251.90  -43.151 171.386 12.0       5.700
      1992  330134217.10   -8.345 114.734 17.0       5.200
      1992  33018 944.80  -17.793-116.107 10.0       5.700
      1992  330204538.80   42.862 145.169 41.0       5.700
      1992  331 332 2.50  -49.872-113.744 10.0       5.200
      1992  331205637.70   17.469-101.119 48.0       5.200
      1992  4 1 12251.40   -9.127 123.421 33.0       5.200
      1992  4 1 138 3.30   -3.125 129.023 33.0       5.200
      1992  4 1193844.80  -13.244 174.839 33.0       5.200
      1992  4 121 238.00  -14.672 171.384624.0       5.000
      1992  4 2 31755.60  -37.562 -17.164 10.0       5.400
      1992  4 2 64242.00  -37.298 -17.351 10.0       5.400
      1992  4 210 844.20  -24.993 179.951498.0       5.100
      1992  4 2135427.90    1.686 127.629117.0       5.200
      1992  4 221 3 3.60    7.173 -34.047 10.0       5.100
      1992  4 3 31951.40   -5.696 151.164 27.0       5.800
      1992  4 3 6 738.80  -28.929 -69.612110.0       5.500
      1992  4 4 11112.30  -17.949-178.365574.0       5.600
      1992  4 4 94859.10   32.098 140.963 65.0       5.100
      1992  4 4162317.40   53.952 161.819 31.0       5.000
      1992  4 41846 9.10   -2.023 128.379 41.0       5.100
      1992  4 4215119.10  -10.951 166.051 45.0       5.400
      1992  4 5 74747.60   35.696  80.661 18.0       5.500
      1992  4 5114635.00  -11.938 166.324 49.0       5.600
      1992  4 51325 4.10   48.287 155.771 62.0       5.400
      1992  4 5141340.20   11.270 -86.366 32.0       5.300
      1992  4 6 75522.60   13.310 -44.892 10.0       5.000
      1992  4 6135440.20   50.724-130.092 20.0       6.000
      1992  4 6135751.00   50.724-129.954 10.0       5.200
      1992  4 6144643.20   -1.851  97.741 32.0       5.700
      1992  4 61516 8.70   50.593-129.918 10.0       5.500
      1992  4 6161532.10   58.420 -32.022 10.0       5.200
      1992  4 6184042.30   -3.738 128.811 33.0       5.100
      1992  4 7 04217.30   51.152-130.337 10.0       4.900
      1992  4 7 337 2.90   -4.172 131.005 53.0       5.900
      1992  4 7224729.40  -16.867 168.129 16.0       5.300
      1992  4 8 12852.20   11.997  45.972 10.0       5.000
      1992  4 8 3 127.50  -16.906 168.264 18.0       5.500
      1992  4 8133656.40  -16.784 168.310 14.0       5.300
      1992  4 9 64111.10  -17.712-174.432136.0       5.500
      1992  4 9 81625.80   53.033 159.813 33.0       5.000
      1992  4 920 245.80   46.702 -27.383 19.0       5.100
      1992  4 9211431.90   52.478 160.322 45.0       5.400
      1992  410 3 142.50  -17.578 167.985 35.0       5.300
      1992  410114021.70  -11.474 165.842 30.0       5.000
      1992  41016 150.60    5.388 125.945118.0       5.100
      1992  410161459.00   -4.351 104.528227.0       5.400
      1992  411132826.50    2.679 126.310 80.0       5.000
      1992  412183716.50   29.515 131.396 39.0       5.600
      1992  4122054 6.30  -32.088-176.638 31.0       5.400
      1992  413 120 0.80   51.153   5.798 21.0       5.500
      1992  413 55845.70   39.123 142.272 58.0       5.200
      1992  413195448.80   -6.272 130.320118.0       5.000
      1992  414 3 353.30   36.171 139.789 57.0       5.000
      1992  414 45213.60   -9.992 112.418 33.0       5.100
      1992  414 85514.40  -40.198 -88.791 10.0       5.100
      1992  414 93428.20   53.511 -35.237 10.0       5.100
      1992  414121239.80  -19.450 -69.133113.0       5.000
      1992  415 132 9.90   24.315  94.898116.0       5.600
      1992  415 535 3.20   50.232-176.049 38.0       5.600
      1992  4151038 6.50  -41.115 -91.741 10.0       5.000
      1992  415194348.40   -3.283 142.813 24.0       5.300
      1992  416 8 054.20    1.186 122.586 30.0       5.600
      1992  4161833 5.30  -20.004 -68.479122.0       5.600
      1992  4162354 4.20   -5.685 149.085146.0       5.700
      1992  418 155 9.30  -22.277 -68.654109.0       5.000
      1992  418 91652.80   -5.454 103.001 29.0       5.700
      1992  418133756.30    1.678 127.373131.0       5.300
      1992  418142813.10   -5.610 102.881 32.0       5.400
      1992  418192640.80   -4.967 102.404109.0       5.200
      1992  419 0 725.00   -5.608 102.718 36.0       5.000
      1992  419 43142.20   -4.439 143.324131.0       5.100
      1992  419145541.00    5.364 125.552206.0       5.000
      1992  419183219.00   23.861 121.594 16.0       5.800
      1992  419203619.20   42.272 142.967 64.0       5.300
      1992  420 23636.70  -22.218 170.508 24.0       5.600
      1992  420134256.20   -7.533 130.165 31.0       5.100
      1992  422 52038.50   -5.307 146.430161.0       5.100
      1992  4221158 9.70   -6.008 151.364 10.0       5.000
      1992  42217 657.80   18.503 145.736175.0       5.100
      1992  422192051.20   -6.091 151.354 45.0       5.300
      1992  422214313.00  -60.776 -22.815 33.0       5.100
      1992  423 45023.20   33.961-116.318 12.0       5.700
      1992  423 54011.30   51.486-130.907 10.0       5.000
      1992  423122117.20   29.429 131.364 40.0       5.800
      1992  423141835.10   22.437  98.904 12.0       5.800
      1992  423153249.10   22.418  98.852 10.0       5.900
      1992  424 11959.80   45.361 151.491 17.0       5.200
      1992  424 324 1.10   -3.516 144.849 23.0       5.600
      1992  424 7 723.90   27.550  66.065 25.0       5.900
      1992  424125154.10    8.391 141.009 44.0       5.500
      1992  424173853.10   -9.028-109.735 10.0       5.200
      1992  425 23037.40  -24.735-175.707 36.0       5.200
      1992  425124616.90   38.583  14.936246.0       5.400
      1992  42518 6 4.20   40.368-124.316 15.0       6.300
      1992  426 12428.30   -2.248 142.620 33.0       5.200
      1992  426 12514.80    2.369 123.054447.0       5.500
      1992  426 74139.70   40.415-124.603 20.0       5.900
      1992  426111825.70   40.378-124.575 22.0       6.500
      1992  426171958.70  -56.464-142.155 10.0       5.100
      1992  427 42140.50   -9.375 159.273 10.0       5.200
      1992  427 51315.40  -22.345-174.276 33.0       5.000
      1992  427 82953.70   12.278 -87.091 76.0       5.200
      1992  428 15547.20    5.602 124.054477.0       5.500
      1992  428 93121.70    8.921 124.071568.0       5.200
      1992  428172653.20   -5.631 133.788 33.0       5.200
      1992  429 038 7.60   -8.411 119.806180.0       5.000
      1992  429 92543.40  -10.703 166.029 33.0       5.400
      1992  4291126 5.00   10.375 125.126 30.0       5.100
      1992  429142726.60  -17.003-173.488 88.0       5.000
      1992  430114438.90   35.059  26.655 20.0       5.700
      1992  430161636.50  -18.411-173.861 33.0       5.100
      1992  430175545.90    0.151 119.849 29.0       5.200
      1992  5 2 220 4.40   -3.513 145.058 33.0       5.200
      1992  5 3 2 257.00  -15.414-175.146 20.0       5.100
      1992  5 3 34040.50  -32.370 -71.590 69.0       5.200
      1992  5 3 540 6.30  -12.529 -75.916100.0       5.100
      1992  5 3144343.50  -56.879 -30.175 33.0       5.000
      1992  5 3195350.60   -6.100 148.590 86.0       5.100
      1992  5 4 845 1.70   -6.762 130.229 86.0       5.900
      1992  5 4174248.60    2.044 126.072 92.0       5.100
      1992  5 5 03324.90   52.814 159.369 50.0       5.100
      1992  5 5 55820.90   -9.883 151.696 33.0       5.300
      1992  5 5 85551.10   43.812 148.007 41.0       5.200
      1992  5 6 42848.80  -34.901 -17.224 10.0       5.000
      1992  5 6 6 126.20  -59.547 -23.297 10.0       5.000
      1992  5 6 85250.10   -0.294 126.103 82.0       5.000
      1992  5 615 337.60   -5.338 153.086 56.0       5.200
      1992  5 6232614.90  -45.658  34.874 10.0       5.000
      1992  5 7 62336.10   41.175 144.700 13.0       5.800
      1992  5 7 82425.10   77.950   7.558 10.0       5.000
      1992  5 71915 3.30   38.698  40.143 18.0       5.000
      1992  5 7221245.30    6.666 124.693 27.0       5.100
      1992  5 8 02335.20  -23.647 179.918557.0       5.000
      1992  5 82053 6.90    6.667 124.727 25.0       5.100
      1992  5 9 02056.10  -18.347 -69.401124.0       5.400
      1992  5 9 22540.90    6.685 124.712 29.0       5.100
      1992  5 9 240 0.40  -51.773 159.720 10.0       5.000
      1992  510 4 432.90   37.207  72.913 33.0       5.600
      1992  510165533.20  -17.669-178.973549.0       5.400
      1992  51110 750.80   36.469 140.524 59.0       5.200
      1992  512 33930.90   59.691-153.482139.0       5.100
      1992  512144744.50  -23.741-175.931 48.0       5.300
      1992  512154656.00   -9.525 -78.748 63.0       5.700
      1992  51218 542.60  -16.524-172.367 15.0       6.400
      1992  512181933.10  -24.956 179.766537.0       5.300
      1992  512202237.90   -7.455 127.966142.0       5.100
      1992  513164816.10  -14.998 167.268170.0       5.000
      1992  513182638.30  -23.863-175.944 33.0       5.500
      1992  513184159.50   -5.471 131.502 33.0       5.000
      1992  514124224.20  -32.711-177.247 33.0       5.000
      1992  514172818.50  -21.483-179.077623.0       5.200
      1992  515 536 8.60  -32.896-177.879 33.0       5.100
      1992  515 53944.10  -32.872-178.593 33.0       5.300
      1992  515 6 058.30  -32.770-177.065 33.0       5.400
      1992  515 7 5 5.30   -6.075 147.572 58.0       6.200
      1992  515 8 8 2.90   41.019  72.429 50.0       5.700
      1992  5151128 0.40   -6.503 147.254 33.0       5.100
      1992  51522 624.50   52.093-171.814 33.0       5.200
      1992  516 23831.40  -32.663-178.469 33.0       5.200
      1992  516 4 814.40  -56.042 -27.643 33.0       5.400
      1992  516145838.90  -19.119 169.079165.0       5.600
      1992  516175716.30  -38.458 177.852 45.0       5.400
      1992  516201952.90   36.080  99.869 17.0       5.000
      1992  516205759.50  -13.672 -76.108 57.0       5.600
      1992  516213052.30   -6.047 105.284 33.0       5.300
      1992  517 1 652.70  -38.382 178.561 30.0       5.000
      1992  517 94628.30   -3.155 127.406 36.0       5.100
      1992  517 94919.10    7.239 126.645 33.0       6.200
      1992  517101531.30    7.191 126.762 33.0       6.400
      1992  5171343 2.50   -9.777 117.027 38.0       5.100
      1992  517153621.10    6.946 126.882 42.0       5.100
      1992  517154649.00   -7.939 159.133 51.0       5.000
      1992  517183659.70    7.401 127.180 33.0       5.000
      1992  517185522.90    7.146 126.803 33.0       5.000
      1992  517204243.00  -21.870 -68.763105.0       5.300
      1992  5172136 0.00   -6.463 153.237 32.0       5.700
      1992  517213849.40    7.724 126.734 33.0       5.000
      1992  518 3 221.50  -33.594 -72.018 30.0       5.600
      1992  518 32544.60    7.368 126.797 33.0       5.000
      1992  518 52641.70   -6.417 153.257 33.0       5.000
      1992  518 61456.10   13.499 125.354 29.0       5.000
      1992  51811 242.60  -20.449-177.699538.0       5.200
      1992  518231920.80    7.446 -82.311 18.0       5.900
      1992  519122457.40   28.295  55.594 33.0       5.700
      1992  519144250.70   -9.463 159.316 33.0       5.500
      1992  5201121 1.40    7.054 126.893 33.0       5.000
      1992  5201143 5.20   12.537 125.544 33.0       5.100
      1992  520122032.80   33.377  71.317 16.0       6.000
      1992  521 41317.60   13.312  50.916 21.0       5.000
      1992  521 45957.50   41.604  88.813  0.0       6.500
      1992  521135238.20   31.127 141.758 23.0       5.200
      1992  52114 9 3.30   -6.175 147.236 48.0       5.700
      1992  521142819.70   40.960  72.669 20.0       5.000
      1992  52118 552.50   -8.748 117.604143.0       5.700
      1992  521204010.30   31.025 141.738 14.0       5.400
      1992  521204541.40   30.980 141.750 33.0       5.200
      1992  521215611.00   11.100 122.620 33.0       5.100
      1992  521222923.10   31.101 141.659 33.0       5.000
      1992  52123 131.40  -59.332 149.158 33.0       5.000
      1992  522 12039.90  -33.669 -71.942 44.0       5.300
      1992  522 816 5.20   52.392 175.664 33.0       5.300
      1992  52213 6 7.90  -35.340-105.890 10.0       5.100
      1992  52214 931.10   27.359-115.019 10.0       5.200
      1992  522161953.60   49.387 147.798568.0       5.200
      1992  5221627 4.90   31.203 141.601 16.0       5.000
      1992  522214037.20   -3.506 144.221 33.0       5.700
      1992  522233410.30  -16.375-172.335 33.0       5.400
      1992  523 020 0.40   -4.544 141.905 99.0       5.400
      1992  523 840 0.70  -18.256-174.739 33.0       5.100
      1992  523103035.80   13.479 -89.997 75.0       5.300
      1992  523105349.80  -43.654 -15.531 10.0       5.100
      1992  523145538.30  -25.956-177.032 99.0       5.000
      1992  524203646.10    2.250 128.165141.0       5.100
      1992  525 1 4 8.30  -18.015-178.454516.0       5.000
      1992  525 23126.90   -4.734 139.097 33.0       5.000
      1992  525 25132.00   -4.792 139.734 33.0       5.600
      1992  525 822 2.10   32.879 141.364 41.0       5.000
      1992  5251655 4.10   19.613 -77.872 23.0       6.300
      1992  52519 112.60   26.310-110.435 10.0       5.000
      1992  525204030.90   26.214-110.493 10.0       5.200
      1992  5252051 9.70  -54.601 -30.261 33.0       5.800
      1992  526 340 6.30   -6.703 130.371 74.0       5.300
      1992  526115935.70    6.794 -72.993158.0       5.100
      1992  5261333 5.80   33.479 140.961 69.0       5.300
      1992  526162335.20  -17.928-175.307247.0       5.200
      1992  526162810.30   -3.269 135.834 55.0       5.400
      1992  527 23855.00  -32.860-176.811 33.0       5.000
      1992  527 51338.80  -11.122 165.239 19.0       6.300
      1992  527 53511.70  -10.865 165.155 33.0       5.100
      1992  527 6 545.40  -11.273 165.173 33.0       5.200
      1992  52712 248.70    1.493  99.065126.0       5.100
      1992  527123324.80  -11.106 165.532 23.0       4.800
      1992  527171818.10   31.283 141.511 33.0       5.000
      1992  5271731 0.30   -1.138 127.190 34.0       5.100
      1992  527223035.20  -41.616 173.727 85.0       5.800
      1992  528 927 7.50  -30.650-178.162 27.0       5.800
      1992  5281756 1.10    2.389 128.485140.0       5.000
      1992  528175834.10   35.638 140.525 65.0       5.000
      1992  528212446.30   47.625 155.562 14.0       6.000
      1992  528231934.90   23.105 121.409 17.0       5.400
      1992  529 01224.60  -29.689-178.306 90.0       5.000
      1992  529 74733.10  -10.891 165.238 33.0       5.300
      1992  529 832 9.80   47.728 155.630 45.0       5.500
      1992  529123922.60   27.220 127.473 95.0       5.300
      1992  529145334.60  -10.854 165.300 33.0       5.000
      1992  529212825.90    7.500 126.910 46.0       5.000
      1992  529215226.80   31.170 141.731 19.0       5.600
      1992  529225234.50    1.819 127.494123.0       5.600
      1992  530 53744.40  -23.981-175.333 33.0       5.200
      1992  530 62934.60  -30.476-178.122 33.0       5.400
      1992  5301242 3.50   30.694 141.590 20.0       5.900
      1992  530124717.10   30.746 141.723 33.0       5.200
      1992  5301630 1.90   14.442 -92.931 55.0       5.600
      1992  530185540.10   38.079  21.444 31.0       4.800
      1992  531 620 7.50   30.640 141.596 32.0       5.600
      1992  531 71138.30  -17.895 -99.176 10.0       5.100
      1992  531215329.80  -11.207 165.178 33.0       5.000
      1992  5 2 220 4.40   -3.513 145.058 33.0       5.200
      1992  5 3 2 257.00  -15.414-175.146 20.0       5.100
      1992  5 3 34040.50  -32.370 -71.590 69.0       5.200
      1992  5 3 540 6.30  -12.529 -75.916100.0       5.100
      1992  5 3144343.50  -56.879 -30.175 33.0       5.000
      1992  5 3195350.60   -6.100 148.590 86.0       5.100
      1992  5 4 845 1.70   -6.762 130.229 86.0       5.900
      1992  5 4174248.60    2.044 126.072 92.0       5.100
      1992  5 5 03324.90   52.814 159.369 50.0       5.100
      1992  5 5 55820.90   -9.883 151.696 33.0       5.300
      1992  5 5 85551.10   43.812 148.007 41.0       5.200
      1992  5 6 42848.80  -34.901 -17.224 10.0       5.000
      1992  5 6 6 126.20  -59.547 -23.297 10.0       5.000
      1992  5 6 85250.10   -0.294 126.103 82.0       5.000
      1992  5 615 337.60   -5.338 153.086 56.0       5.200
      1992  5 6232614.90  -45.658  34.874 10.0       5.000
      1992  5 7 62336.10   41.175 144.700 13.0       5.800
      1992  5 7 82425.10   77.950   7.558 10.0       5.000
      1992  5 71915 3.30   38.698  40.143 18.0       5.000
      1992  5 7221245.30    6.666 124.693 27.0       5.100
      1992  5 8 02335.20  -23.647 179.918557.0       5.000
      1992  5 82053 6.90    6.667 124.727 25.0       5.100
      1992  5 9 02056.10  -18.347 -69.401124.0       5.400
      1992  5 9 22540.90    6.685 124.712 29.0       5.100
      1992  5 9 240 0.40  -51.773 159.720 10.0       5.000
      1992  510 4 432.90   37.207  72.913 33.0       5.600
      1992  510165533.20  -17.669-178.973549.0       5.400
      1992  51110 750.80   36.469 140.524 59.0       5.200
      1992  512 33930.90   59.691-153.482139.0       5.100
      1992  512144744.50  -23.741-175.931 48.0       5.300
      1992  512154656.00   -9.525 -78.748 63.0       5.700
      1992  51218 542.60  -16.524-172.367 15.0       6.400
      1992  512181933.10  -24.956 179.766537.0       5.300
      1992  512202237.90   -7.455 127.966142.0       5.100
      1992  513164816.10  -14.998 167.268170.0       5.000
      1992  513182638.30  -23.863-175.944 33.0       5.500
      1992  513184159.50   -5.471 131.502 33.0       5.000
      1992  514124224.20  -32.711-177.247 33.0       5.000
      1992  514172818.50  -21.483-179.077623.0       5.200
      1992  515 536 8.60  -32.896-177.879 33.0       5.100
      1992  515 53944.10  -32.872-178.593 33.0       5.300
      1992  515 6 058.30  -32.770-177.065 33.0       5.400
      1992  515 7 5 5.30   -6.075 147.572 58.0       6.200
      1992  515 8 8 2.90   41.019  72.429 50.0       5.700
      1992  5151128 0.40   -6.503 147.254 33.0       5.100
      1992  51522 624.50   52.093-171.814 33.0       5.200
      1992  516 23831.40  -32.663-178.469 33.0       5.200
      1992  516 4 814.40  -56.042 -27.643 33.0       5.400
      1992  516145838.90  -19.119 169.079165.0       5.600
      1992  516175716.30  -38.458 177.852 45.0       5.400
      1992  516201952.90   36.080  99.869 17.0       5.000
      1992  516205759.50  -13.672 -76.108 57.0       5.600
      1992  516213052.30   -6.047 105.284 33.0       5.300
      1992  517 1 652.70  -38.382 178.561 30.0       5.000
      1992  517 94628.30   -3.155 127.406 36.0       5.100
      1992  517 94919.10    7.239 126.645 33.0       6.200
      1992  517101531.30    7.191 126.762 33.0       6.400
      1992  5171343 2.50   -9.777 117.027 38.0       5.100
      1992  517153621.10    6.946 126.882 42.0       5.100
      1992  517154649.00   -7.939 159.133 51.0       5.000
      1992  517183659.70    7.401 127.180 33.0       5.000
      1992  517185522.90    7.146 126.803 33.0       5.000
      1992  517204243.00  -21.870 -68.763105.0       5.300
      1992  5172136 0.00   -6.463 153.237 32.0       5.700
      1992  517213849.40    7.724 126.734 33.0       5.000
      1992  518 3 221.50  -33.594 -72.018 30.0       5.600
      1992  518 32544.60    7.368 126.797 33.0       5.000
      1992  518 52641.70   -6.417 153.257 33.0       5.000
      1992  518 61456.10   13.499 125.354 29.0       5.000
      1992  51811 242.60  -20.449-177.699538.0       5.200
      1992  518231920.80    7.446 -82.311 18.0       5.900
      1992  519122457.40   28.295  55.594 33.0       5.700
      1992  519144250.70   -9.463 159.316 33.0       5.500
      1992  5201121 1.40    7.054 126.893 33.0       5.000
      1992  5201143 5.20   12.537 125.544 33.0       5.100
      1992  520122032.80   33.377  71.317 16.0       6.000
      1992  521 41317.60   13.312  50.916 21.0       5.000
      1992  521 45957.50   41.604  88.813  0.0       6.500
      1992  521135238.20   31.127 141.758 23.0       5.200
      1992  52114 9 3.30   -6.175 147.236 48.0       5.700
      1992  521142819.70   40.960  72.669 20.0       5.000
      1992  52118 552.50   -8.748 117.604143.0       5.700
      1992  521204010.30   31.025 141.738 14.0       5.400
      1992  521204541.40   30.980 141.750 33.0       5.200
      1992  521215611.00   11.100 122.620 33.0       5.100
      1992  521222923.10   31.101 141.659 33.0       5.000
      1992  52123 131.40  -59.332 149.158 33.0       5.000
      1992  522 12039.90  -33.669 -71.942 44.0       5.300
      1992  522 816 5.20   52.392 175.664 33.0       5.300
      1992  52213 6 7.90  -35.340-105.890 10.0       5.100
      1992  52214 931.10   27.359-115.019 10.0       5.200
      1992  522161953.60   49.387 147.798568.0       5.200
      1992  5221627 4.90   31.203 141.601 16.0       5.000
      1992  522214037.20   -3.506 144.221 33.0       5.700
      1992  522233410.30  -16.375-172.335 33.0       5.400
      1992  523 020 0.40   -4.544 141.905 99.0       5.400
      1992  523 840 0.70  -18.256-174.739 33.0       5.100
      1992  523103035.80   13.479 -89.997 75.0       5.300
      1992  523105349.80  -43.654 -15.531 10.0       5.100
      1992  523145538.30  -25.956-177.032 99.0       5.000
      1992  524203646.10    2.250 128.165141.0       5.100
      1992  525 1 4 8.30  -18.015-178.454516.0       5.000
      1992  525 23126.90   -4.734 139.097 33.0       5.000
      1992  525 25132.00   -4.792 139.734 33.0       5.600
      1992  525 822 2.10   32.879 141.364 41.0       5.000
      1992  5251655 4.10   19.613 -77.872 23.0       6.300
      1992  52519 112.60   26.310-110.435 10.0       5.000
      1992  525204030.90   26.214-110.493 10.0       5.200
      1992  5252051 9.70  -54.601 -30.261 33.0       5.800
      1992  526 340 6.30   -6.703 130.371 74.0       5.300
      1992  526115935.70    6.794 -72.993158.0       5.100
      1992  5261333 5.80   33.479 140.961 69.0       5.300
      1992  526162335.20  -17.928-175.307247.0       5.200
      1992  526162810.30   -3.269 135.834 55.0       5.400
      1992  527 23855.00  -32.860-176.811 33.0       5.000
      1992  527 51338.80  -11.122 165.239 19.0       6.300
      1992  527 53511.70  -10.865 165.155 33.0       5.100
      1992  527 6 545.40  -11.273 165.173 33.0       5.200
      1992  52712 248.70    1.493  99.065126.0       5.100
      1992  527123324.80  -11.106 165.532 23.0       4.800
      1992  527171818.10   31.283 141.511 33.0       5.000
      1992  5271731 0.30   -1.138 127.190 34.0       5.100
      1992  527223035.20  -41.616 173.727 85.0       5.800
      1992  528 927 7.50  -30.650-178.162 27.0       5.800
      1992  5281756 1.10    2.389 128.485140.0       5.000
      1992  528175834.10   35.638 140.525 65.0       5.000
      1992  528212446.30   47.625 155.562 14.0       6.000
      1992  528231934.90   23.105 121.409 17.0       5.400
      1992  529 01224.60  -29.689-178.306 90.0       5.000
      1992  529 74733.10  -10.891 165.238 33.0       5.300
      1992  529 832 9.80   47.728 155.630 45.0       5.500
      1992  529123922.60   27.220 127.473 95.0       5.300
      1992  529145334.60  -10.854 165.300 33.0       5.000
      1992  529212825.90    7.500 126.910 46.0       5.000
      1992  529215226.80   31.170 141.731 19.0       5.600
      1992  529225234.50    1.819 127.494123.0       5.600
      1992  530 53744.40  -23.981-175.333 33.0       5.200
      1992  530 62934.60  -30.476-178.122 33.0       5.400
      1992  5301242 3.50   30.694 141.590 20.0       5.900
      1992  530124717.10   30.746 141.723 33.0       5.200
      1992  5301630 1.90   14.442 -92.931 55.0       5.600
      1992  530185540.10   38.079  21.444 31.0       4.800
      1992  531 620 7.50   30.640 141.596 32.0       5.600
      1992  531 71138.30  -17.895 -99.176 10.0       5.100
      1992  531215329.80  -11.207 165.178 33.0       5.000
      1992  6 1 6 414.00  -10.975 165.183 12.0       5.500
      1992  6 1 753 6.70  -22.733 170.803 10.0       5.200
      1992  6 1135121.70   36.659 141.122 53.0       5.300
      1992  6 1182920.20   29.739 140.699134.0       5.500
      1992  6 2114625.10   47.660 155.461 45.0       5.000
      1992  6 2114858.60   47.694 155.377 45.0       5.400
      1992  6 2153858.40  -22.745 179.435604.0       5.200
      1992  6 220 052.40   -3.303 130.718 33.0       5.000
      1992  6 220 321.00  -16.075  92.787 24.0       5.700
      1992  6 221 5 0.80  -16.138  92.844 14.0       5.900
      1992  6 222 745.30   28.984  81.913 56.0       5.200
      1992  6 3 15513.30   28.083 128.094 56.0       4.900
      1992  6 3 313 7.60    6.484 126.538 75.0       5.000
      1992  6 3 32852.30   28.050 128.152 52.0       4.600
      1992  6 3 61054.30   51.130 178.743 22.0       5.900
      1992  6 3 71223.00   51.128 178.654 33.0       4.700
      1992  6 3112548.10  -31.995-178.602 59.0       5.400
      1992  6 317 053.80   -4.525-104.682 10.0       4.900
      1992  6 4 4 4 3.50   28.018 128.051 17.0       5.600
      1992  6 416 427.00   28.018 128.119 29.0       4.700
      1992  6 4231144.80   -4.805 153.255 74.0       5.200
      1992  6 5 95451.50  -10.703 166.217155.0       5.000
      1992  6 5123826.80   -5.428 147.090220.0       5.400
      1992  6 5214641.90   40.273-124.552 21.0       5.000
      1992  6 6 04112.90   28.107 128.032 21.0       5.100
      1992  6 6 15829.40   -0.602 133.905 26.0       5.100
      1992  6 6102659.50   -6.521 147.142 14.0       5.100
      1992  6 6105011.00   -0.172 123.093 78.0       5.100
      1992  6 6145139.10  -21.026 -70.291 37.0       5.000
      1992  6 6155143.20   12.813 -88.252 85.0       5.200
      1992  6 61834 0.70  -28.020  26.753 10.0       5.300
      1992  6 6214040.80    1.068 124.040 18.0       5.900
      1992  6 6232932.30    3.672 126.954 44.0       5.500
      1992  6 7 134 7.70   31.278 141.686 52.0       5.100
      1992  6 7 9 145.00   16.505 -98.656  5.0       5.300
      1992  6 712 214.60   -6.202 147.510 67.0       5.100
      1992  6 71426 0.20  -24.224-176.226 67.0       5.500
      1992  6 7174110.40   16.415 -98.652  5.0       5.300
      1992  6 8 33856.00   54.364 158.488182.0       5.000
      1992  6 8 93016.10   81.246 121.270 32.0       5.100
      1992  6 9 02454.50  -23.007-176.365 79.0       5.700
      1992  6 9 03156.30   -8.474 111.100 64.0       5.900
      1992  6 9 24658.30  -65.346 178.521 10.0       4.800
      1992  6 9 641 5.70  -49.804 110.567 10.0       5.300
      1992  6 91445 2.50    1.119 124.172 42.0       5.600
      1992  6 9151720.30    1.120 124.168 28.0       5.000
      1992  610 04139.20    1.101 124.162 24.0       5.000
      1992  610 05948.60    1.093 124.172 18.0       5.100
      1992  610 124 6.10   53.581-165.423 33.0       5.200
      1992  610 21345.40    1.084 124.089 31.0       5.900
      1992  610 94335.90  -22.829-174.872 39.0       5.100
      1992  610124514.30  -58.959 -25.494 33.0       5.500
      1992  6101841 4.00  -11.681 166.205 15.0       5.200
      1992  611 2 335.60    1.077 124.115 28.0       5.800
      1992  61111 950.20   -6.963 125.330556.0       5.200
      1992  611182940.50   31.344 140.885 52.0       5.500
      1992  611212233.80  -63.560 173.308 10.0       5.100
      1992  612 45657.00   11.054 126.794 24.0       5.300
      1992  61211 630.20    2.617 125.687 79.0       5.800
      1992  612115019.60  -23.887 -68.193119.0       5.200
      1992  6121811 5.50   -2.132 101.705141.0       5.100
      1992  612191643.90   34.159   8.333 10.0       5.300
      1992  61314 611.00    0.167  98.651 76.0       5.000
      1992  613151841.10   32.992 141.479 57.0       5.200
      1992  61318 517.80  -23.580 130.284 10.0       5.000
      1992  613184122.00   -6.677 154.322 44.0       5.100
      1992  613215431.90  -49.148 164.852 33.0       5.400
      1992  614 121 9.80   -6.157 104.252 54.0       5.200
      1992  614 34433.60  -26.903-177.466 33.0       5.100
      1992  614 72818.50  -21.841-179.406597.0       5.000
      1992  614 845 0.30   -6.174 147.531 53.0       5.100
      1992  614104152.90    4.820  94.265 35.0       5.000
      1992  614125038.90   32.947 141.551 45.0       5.200
      1992  61417 659.70  -26.538-177.743 47.0       5.300
      1992  615 14635.30   34.149 139.066 27.0       5.000
      1992  615 24856.20   24.027  95.932 17.0       5.800
      1992  61512 919.40   50.510 149.630518.0       5.000
      1992  615141650.00  -60.774 154.040 33.0       5.200
      1992  615203911.30   -0.073 123.030128.0       5.900
      1992  616 11755.70  -10.725 -74.885 33.0       5.200
      1992  616 551 3.70   45.704 142.263317.0       5.700
      1992  616125621.10  -22.639 -68.044142.0       5.000
      1992  617 0 7 3.40   45.356 151.301 49.0       5.300
      1992  617 83915.40  -60.373 -57.074 10.0       5.800
      1992  617191829.40  -23.264-179.608647.0       5.000
      1992  618 53348.10   -4.113 135.755 33.0       5.000
      1992  619 25550.90  -19.306-172.781 38.0       5.000
      1992  619 81526.20   -8.917 118.927118.0       5.200
      1992  619 9 329.40   53.797 160.559 55.0       5.000
      1992  620 71035.70   -4.198 102.045 33.0       5.300
      1992  620134117.70  -19.166 -66.709249.0       5.100
      1992  621 12919.30    1.586 126.850 95.0       5.000
      1992  621105242.40  -26.503 -70.659 39.0       5.700
      1992  621111939.70   38.307  99.423 20.0       4.800
      1992  621133546.00   28.384 -43.743 22.0       5.000
      1992  6211743 8.80  -37.689 176.861 10.0       6.100
      1992  6211859 5.10   39.137  19.807 36.0       5.000
      1992  621221214.70   -5.411 150.895117.0       5.400
      1992  622 4 041.00  -60.728 -21.969 12.0       6.000
      1992  622145716.80   30.557 141.654 41.0       5.000
      1992  622151743.30   16.867 147.009 66.0       5.700
      1992  623 45236.30   -3.595 129.088 75.0       5.600
      1992  623 45249.50  -18.893 172.337 33.0       5.600
      1992  623 72338.60  -32.134 179.412332.0       5.100
      1992  623112121.50  -36.104-101.220 10.0       5.600
      1992  62313 322.60  -17.981-174.726 18.0       5.400
      1992  62313 848.30  -18.015-174.822 16.0       5.300
      1992  624 041 5.10  -23.610-175.467 43.0       5.500
      1992  624 9 018.10  -15.424-173.395 31.0       5.200
      1992  624121126.00   51.501-173.446 33.0       5.700
      1992  624122711.20   -5.311 102.974 47.0       5.400
      1992  625 43751.70   51.602-173.454 33.0       5.100
      1992  625 63051.00  -28.314-176.716 20.0       6.100
      1992  626 2 956.10  -22.281-179.572598.0       5.400
      1992  626 23613.40   -8.790 112.593 64.0       5.200
      1992  626 31852.20  -33.719-178.862 33.0       5.600
      1992  626 72153.10    6.252 -82.348 10.0       5.100
      1992  626104915.60  -33.915-179.345 77.0       5.100
      1992  626113227.10    6.129 -82.349 10.0       5.800
      1992  6262038 0.10  -18.200-173.092 33.0       5.000
      1992  627132120.90   35.139  81.131 33.0       5.000
      1992  627141619.80   18.972 -80.592 10.0       5.200
      1992  628 610 3.40   54.241 160.869 33.0       5.200
      1992  628 65227.60   -5.963 154.401 76.0       5.100
      1992  628115521.30  -15.360 167.493142.0       5.100
      1992  628115734.10   34.201-116.436  1.0       6.200
      1992  628123640.60   34.139-116.431 10.0       5.000
      1992  628144321.00   34.163-116.855  6.0       5.500
      1992  62815 530.70   34.203-116.827  5.0       6.300
      1992  62817 131.90   34.178-116.922 14.0       5.000
      1992  628205843.10   51.464-174.719 33.0       5.000
      1992  6282327 7.90   52.189 174.175 42.0       5.000
      1992  629 0 7 5.20  -10.666 161.440 59.0       5.500
      1992  629 254 3.30  -24.930 -68.187113.0       5.000
      1992  629 43535.90    7.289 126.994 41.0       5.000
      1992  629 737 5.60   30.980 141.359 40.0       5.200
      1992  629101422.20   36.705-116.293  9.0       5.600
      1992  629103752.70   -5.008-100.800 10.0       5.400
      1992  629134921.00  -28.336  62.907 10.0       5.000
      1992  629141338.70   34.108-116.404 10.0       5.200
      1992  62916 413.60   27.799 139.455555.0       5.400
      1992  630143811.50   34.004-116.361  1.0       5.100
      1992  7 117 051.30   -7.184 129.389138.0       5.600
      1992  7 1195449.50   -4.908 151.646141.0       5.000
      1992  7 120 317.00  -33.410-177.609 33.0       5.300
      1992  7 2 41947.30   30.985 141.344 41.0       5.200
      1992  7 2 61336.70  -32.903-178.592 10.0       5.500
      1992  7 2134848.50    1.597 126.859 82.0       5.200
      1992  7 22332 3.70  -34.843  54.544 10.0       5.300
      1992  7 4 32539.30   54.565 161.627 32.0       5.400
      1992  7 4 648 0.00  -20.762 -68.711103.0       5.000
      1992  7 5 14956.10  -13.314-111.131 10.0       5.200
      1992  7 5 223 8.80   -3.699 127.551 18.0       5.000
      1992  7 5 6 016.40    2.633 -79.804 33.0       5.100
      1992  7 5 6 051.30   -7.671 111.268 33.0       5.100
      1992  7 5164218.00   -2.240 139.216 60.0       5.200
      1992  7 5211827.10   34.583-116.319  0.0       5.300
      1992  7 6 05533.00  -10.596 160.570 10.0       5.100
      1992  7 6122348.90   11.709  92.509 25.0       5.100
      1992  7 7 34211.40   -5.473 146.013 47.0       5.000
      1992  7 7 838 0.40   -7.207 149.301 35.0       5.300
      1992  7 7122723.10   -0.089 123.814136.0       5.300
      1992  7 7183543.90  -22.728-179.751660.0       5.000
      1992  7 7223553.30   -8.883 126.593 33.0       5.000
      1992  7 7224713.30  -44.978 -20.387 10.0       5.400
      1992  7 8 33036.00   14.485 144.974115.0       5.000
      1992  7 810 948.20   21.056  93.686 43.0       5.400
      1992  7 816 442.10   50.258-176.285 33.0       5.200
      1992  7 9 14357.60   34.239-116.837  0.0       5.600
      1992  7 92134 2.00   21.005  89.973 29.0       5.300
      1992  710 93127.50   44.695 149.482 20.0       6.200
      1992  710135733.60   44.627 149.393 50.0       5.200
      1992  711 840 5.10  -12.183 -14.870 10.0       5.100
      1992  711 84115.10  -12.842 -14.358 10.0       5.200
      1992  711104419.70  -22.483-178.413377.0       6.200
      1992  711125313.30   -4.369 102.839 57.0       5.300
      1992  71116 756.70  -12.994 -14.483 10.0       5.200
      1992  711181416.10   35.210-118.066 11.0       5.300
      1992  71210 714.10   44.265 149.597 49.0       5.100
      1992  71211 855.30   41.457 142.031 64.0       6.000
      1992  712111318.00   41.459 142.055 70.0       5.000
      1992  712131415.10   44.534 149.538 54.0       5.600
      1992  712132130.40   44.524 149.568 51.0       5.700
      1992  712234059.80    3.090 122.005616.0       5.500
      1992  713 010 8.50    3.313 121.922624.0       5.100
      1992  7131419 5.70   41.498 142.045 68.0       5.100
      1992  7131534 4.50   51.171 157.626 45.0       5.700
      1992  713181133.70   -3.919 -76.602 97.0       6.100
      1992  714 52857.90  -17.750-176.838 33.0       5.100
      1992  714 7 3 9.50   -4.725 125.455465.0       5.500
      1992  714 74249.90   -2.173 100.882 57.0       5.200
      1992  714 95443.50   51.101 157.815 45.0       5.000
      1992  7141517 9.60   45.361 151.063 44.0       5.700
      1992  714164347.60   45.457 151.128 47.0       5.000
      1992  714222420.20  -56.364 -30.212 33.0       5.100
      1992  715 017 5.10  -22.363 126.529 10.0       5.200
      1992  715 11625.60   -5.956 146.642 61.0       5.200
      1992  715 63416.50    1.331 123.190 44.0       5.100
      1992  71518 419.40   -8.774 121.442130.0       5.700
      1992  716 0 041.10   39.354 143.225 31.0       5.600
      1992  716 63538.40   -4.522-106.042 10.0       5.100
      1992  716 85550.70   -4.625 153.205 85.0       5.000
      1992  7162233 7.20  -20.614-173.371 33.0       5.100
      1992  717 41139.80   44.825 150.168 46.0       5.700
      1992  717 41928.60   44.809 150.286 19.0       5.900
      1992  717 526 9.40   31.023 141.128 33.0       5.000
      1992  71711 3 2.50   60.890 167.312 27.0       5.400
      1992  7171846 0.40  -10.380 -78.550 45.0       5.500
      1992  71720 125.80  -34.661-105.212 10.0       5.000
      1992  718 65711.20  -16.090-177.456431.0       5.300
      1992  718 75747.90   -6.490 147.850 40.0       5.500
      1992  718 81515.30   39.480 143.133 21.0       5.000
      1992  718 820 0.10   39.410 143.191 22.0       5.500
      1992  718 83658.70   39.419 143.330 29.0       6.200
      1992  718 839 5.70   39.675 143.027 35.0       6.100
      1992  718 84711.80   39.726 143.524 33.0       5.300
      1992  718 9 958.40   39.702 143.037 33.0       5.200
      1992  718 945 4.70   39.408 143.222 34.0       4.900
      1992  718102011.90   39.436 143.026 27.0       6.100
      1992  718105939.80   39.454 143.199 27.0       5.500
      1992  718111012.70   39.530 143.501 28.0       5.300
      1992  718111112.40   39.664 143.434 29.0       5.200
      1992  718114820.90   39.161 143.178 32.0       5.500
      1992  71812 240.60   39.164 143.124 25.0       5.500
      1992  7181340 9.80  -11.093 165.298 29.0       4.900
      1992  718135654.40   39.480 142.956 27.0       5.800
      1992  718144545.70   39.380 143.177 25.0       5.100
      1992  718153141.20  -22.723-175.281 25.0       5.400
      1992  718155414.10   39.169 143.119 31.0       4.800
      1992  718162531.20   13.022 143.503 33.0       4.700
      1992  718172711.80   39.634 143.155 32.0       5.400
      1992  718181213.10   39.152 143.150 31.0       5.500
      1992  718191050.40   39.275 143.437 30.0       5.000
      1992  718205512.20   39.611 143.283 25.0       5.600
      1992  718211857.40   39.324 143.011 37.0       5.600
      1992  7182131 6.00   39.364 143.411 32.0       5.000
      1992  718213220.20   39.331 143.462 33.0       5.000
      1992  718213624.40   30.770 137.306475.0       5.500
      1992  718214534.10   39.292 143.197 25.0       5.000
      1992  718232952.60   44.960 152.057 33.0       5.200
      1992  719 24013.20   -6.683 147.533 77.0       5.400
      1992  719 51028.00   39.252 143.597 31.0       5.000
      1992  719112345.90  -17.670-178.995555.0       5.200
      1992  720 12646.10  -18.280-172.972 33.0       5.300
      1992  720 74646.70   78.562   5.523 10.0       5.700
      1992  720193954.80   39.275 143.332 23.0       5.000
      1992  721 0 026.90   39.212 143.173 25.0       5.200
      1992  721 65751.90  -22.869-175.043 33.0       5.400
      1992  7211445 1.30    1.647 126.995 87.0       5.000
      1992  721153158.20   17.455 -83.651 10.0       5.100
      1992  72120 1 7.50   -3.886 141.366111.0       5.100
      1992  723101110.90  -54.511 143.744 10.0       5.300
      1992  723135821.70  -32.865 -71.222 69.0       5.000
      1992  723193718.80   -1.546 120.473 33.0       5.000
      1992  723201242.50   39.847  24.390  7.0       5.100
      1992  723214811.00   52.979 158.772110.0       5.400
      1992  723233150.60  -14.038 -14.314 10.0       5.200
      1992  724 2 923.70   -7.036 149.932 43.0       5.600
      1992  724 75811.50   -5.749 149.316159.0       5.000
      1992  724142657.00   -7.009 149.971 36.0       5.200
      1992  724181521.90  -11.894 166.229 58.0       5.300
      1992  72419 339.80   39.326 143.639 37.0       5.200
      1992  724204734.70    1.641 126.956 79.0       5.100
      1992  725 23732.50  -24.840 -70.087 52.0       5.200
      1992  725 25328.30   38.731 143.012 17.0       5.900
      1992  725 91219.10    0.461 -25.105 10.0       5.200
      1992  72620 4 0.40    1.687 127.120 94.0       5.000
      1992  727 42130.80   50.169-130.135 10.0       5.200
      1992  727 62543.50  -56.841 146.896 33.0       5.100
      1992  727114338.40    1.690 127.365146.0       5.000
      1992  7271934 9.20   51.516 157.133108.0       5.200
      1992  728 140 4.80   -7.113 125.063492.0       5.200
      1992  728 153 7.60  -38.155 179.458115.0       5.100
      1992  728 93551.90   -5.181 151.607 78.0       5.200
      1992  728132737.90  -19.837 -69.042131.0       5.200
      1992  728173017.60   -4.435 127.496297.0       5.500
      1992  729 05325.30    1.893 128.328111.0       5.000
      1992  729 15447.33  -55.248-128.602 10.0       5.700
      1992  729 22715.22   39.581 143.320 27.2       5.500
      1992  729 43049.39   39.439 143.538 29.0       5.900
      1992  729 95158.11   32.774 141.727 37.0       5.000
      1992  7291831 2.39  -29.510 -72.978 33.0       5.100
      1992  729233534.34   39.642 143.414 28.3       5.000
      1992  730 82449.26   29.587  90.171 33.0       6.000
      1992  730131451.34  -50.370 -72.299 10.0       5.400
      1992  73019 612.48   29.826  90.118 33.0       5.000
      1992  73023 042.59  -31.536 -67.242 10.0       5.500
      1992  73113 357.33  -31.834 -67.455 15.0       5.200
      1992  73114 254.40   10.092 126.288 47.5       5.300
      1992  731141122.94  -40.530 175.904 38.5       5.000
      1992  8 1 6 645.93  -18.082-178.376632.3       5.100
      1992  8 11819 3.69  -21.166-179.282634.0       5.200
      1992  8 2 55013.75   -0.898 127.590 33.0       5.800
      1992  8 212 320.24   -7.118 121.724483.0       6.200
      1992  8 3 25351.95   15.926 -60.844 43.7       5.600
      1992  8 3111942.94  -10.407 164.197 61.1       5.200
      1992  8 3121559.62   20.410 121.939 53.3       5.000
      1992  8 4 61310.09   43.423-127.160 10.0       5.000
      1992  8 4 65835.88  -21.584-177.322278.3       5.700
      1992  8 4142740.97   43.464-127.053 10.0       4.700
      1992  8 421 844.04  -12.023 166.496108.7       5.900
      1992  8 4221629.32   54.028 161.416 63.7       5.100
      1992  8 5 2 943.55   -5.566 102.863 56.7       5.500
      1992  8 5 453 3.53   -5.341 131.086 47.0       5.000
      1992  8 5 94253.35  -10.527 164.163 25.1       5.200
      1992  8 5193258.64   -3.073 101.820 55.4       5.400
      1992  8 6 15959.18   -7.231 117.140598.5       5.100
      1992  8 6154524.28  -26.643-106.676 10.0       5.000
      1992  8 6212917.15   24.479 122.333 10.0       5.300
      1992  8 710 2 2.76  -33.191-177.163 33.0       5.200
      1992  8 7111141.63   35.706 135.169357.9       5.500
      1992  8 7181919.37   57.604-143.045 10.0       6.300
      1992  8 7205750.61   -6.124 150.426 80.3       5.000
      1992  8 8 1 8 7.33  -31.199 179.938395.0       5.400
      1992  8 8 25014.52   10.065 126.260 31.8       5.200
      1992  8 8145221.41   42.058 142.706 54.1       5.100
      1992  8 8203837.42   -5.772 146.921126.3       5.400
      1992  8 91628 3.21  -21.861 170.145 20.5       5.200
      1992  8 9194943.12    4.016 126.509 67.6       6.100
      1992  810 24656.73  -15.266-173.622 35.3       5.100
      1992  810 25250.81  -21.841 169.843 33.0       5.100
      1992  810 3 435.80  -27.724  73.956 10.0       5.600
      1992  810 6 914.50   11.719 -87.327 27.5       5.400
      1992  810134234.95   36.053  69.706110.9       5.300
      1992  811 0 129.70   -0.174 125.268 57.4       5.400
      1992  811 14422.97   24.702 141.058175.2       5.100
      1992  811 15545.22   -0.110 127.195 40.0       5.000
      1992  811 4 345.41   80.293  -0.525 16.5       5.100
      1992  811 52348.76   11.741 -87.472 25.2       5.100
      1992  811 93417.61   43.260 135.509363.5       5.400
      1992  811151456.98   32.538 141.695 28.0       5.800
      1992  812 63612.46   32.796 141.767 33.0       5.500
      1992  812172958.83   -6.641 130.501 78.9       5.500
      1992  813 05751.37  -16.521 167.368 33.0       5.200
      1992  8131335 6.54   35.904  70.388 33.0       5.000
      1992  8131833 0.50  -17.373 169.574 33.0       5.000
      1992  8132043 3.57   -6.134 148.918 75.6       5.900
      1992  814 14312.47   32.608 141.267 33.0       5.100
      1992  8141620 8.80  -17.961-173.946113.1       5.300
      1992  814172622.33   24.002 121.626 26.9       5.000
      1992  81420 858.46  -30.808 -65.206179.7       5.000
      1992  815 15725.68  -23.688 172.842 33.0       5.200
      1992  81519 2 9.81    5.080 -75.730126.7       5.700
      1992  815213013.86   18.494 145.571192.9       5.000
      1992  816 637 3.73  -22.244-174.817 33.0       5.200
      1992  816102331.38   -5.393 146.659237.2       6.000
      1992  8161449 8.14   -3.070  84.960 33.0       5.700
      1992  816201640.52   30.214  92.067 33.0       5.100
      1992  817 052 7.79   -4.696 -78.033 49.7       5.400
      1992  817 15314.11   -6.104 150.861 68.1       5.100
      1992  81721 924.82  -20.262 -68.775109.6       5.200
      1992  817215112.18  -23.397-179.619500.0       5.000
      1992  8172245 0.66  -20.818-178.078497.4       5.100
      1992  818 5 313.08  -20.978 -68.640113.6       5.000
      1992  818 61556.60  -22.339-174.785 33.0       5.200
      1992  818125355.62   -2.896 -79.919 26.8       5.000
      1992  81820 1 4.26  -28.343-178.308200.2       5.400
      1992  819 05743.69   50.479-174.846 33.0       6.100
      1992  819 2 436.58   42.084  73.558 22.4       6.800
      1992  819 21258.69   42.318  73.670 33.0       6.100
      1992  819 23459.61   42.050  73.357 33.0       5.000
      1992  819 25731.96   -5.777 131.022109.3       5.000
      1992  819 312 4.88   42.081  73.304 21.1       6.000
      1992  819 32027.77   42.063  73.259 17.4       6.100
      1992  819 333 5.44   42.038  73.430 33.0       5.200
      1992  819101736.13   42.211  73.235 33.0       5.100
      1992  81913 2 5.07  -24.609 -70.516 39.0       5.300
      1992  819181546.18  -50.216 130.639 10.0       5.000
      1992  820133710.98  -26.265 -69.119105.4       5.300
      1992  820183134.71   25.477 141.330 33.0       5.000
      1992  821 03435.03  -22.933 -69.254 73.8       5.000
      1992  821 1 218.68   43.927-128.360 20.3       5.500
      1992  821 453 3.61  -34.025 -71.233 69.7       5.100
      1992  821 95451.38  -18.329  65.035 10.0       5.100
      1992  821221113.69    5.926 124.201 26.9       5.000
      1992  823 51129.03   16.061 -98.116 19.0       5.000
      1992  823 63449.29  -17.125-172.889 33.0       5.000
      1992  823 954 2.10  -20.410 169.738 33.0       5.100
      1992  824 3 439.06   24.397 123.575 33.0       5.200
      1992  824 65940.50   41.940 140.722126.5       6.200
      1992  824 94955.74   34.732  80.213 40.7       5.000
      1992  824152121.57  -20.408 169.717 33.0       5.200
      1992  824173524.11   31.024 141.438 33.0       5.000
      1992  824194035.24  -56.597 -26.560108.8       5.900
      1992  825 12712.47   47.705 153.607 63.3       5.500
      1992  825 2 713.96  -10.031 160.180 33.0       5.400
      1992  825 21057.20  -10.227 160.143 33.0       5.200
      1992  825 65837.71   -5.287 146.872241.0       5.200
      1992  825 82413.73  -20.620-175.151 67.2       5.500
      1992  82518 245.64    4.924 -32.643 10.0       5.000
      1992  826 14730.00   -5.737 154.094 97.3       5.300
      1992  826 452 4.95   -4.263 143.543111.7       5.100
      1992  826 825 7.28   -5.960 130.477 94.0       5.100
      1992  827132552.00   -5.961 153.625 49.2       5.100
      1992  828 05054.21   29.091  66.737 33.0       5.700
      1992  828 95129.17   12.991 -89.725 23.8       5.200
      1992  8281715 5.94  -22.154-179.620597.3       5.400
      1992  828181845.30   -0.996 -13.557 10.0       6.400
      1992  829131037.98   54.380 166.589 35.8       5.000
      1992  8291919 7.52   33.157 138.020308.6       6.000
      1992  830112521.65  -15.219-173.633 48.2       5.100
      1992  830144234.40   -6.230 129.861123.0       5.100
      1992  83020 9 6.96  -17.738-178.775573.2       5.800
      1992  831 43954.79  -11.558 118.281 25.6       5.500
      1992  831 72554.38   43.928 106.924 33.0       5.100
      1992  831111421.90    1.306 128.627 53.6       5.300
      1992  9 1164113.52   23.694 121.629 55.5       5.900
      1992  9 2 01557.59   11.761 -87.419 10.0       5.300
      1992  9 2 021 5.53   11.174 -87.424 10.0       5.500
      1992  9 2 02823.37   11.476 -87.435 10.0       5.200
      1992  9 2 03057.92   11.699 -88.148 10.0       5.400
      1992  9 2 05735.35   11.488 -87.815 19.0       5.100
      1992  9 2 14236.82   11.523 -87.852 10.0       5.200
      1992  9 2 2 653.52   11.815 -87.578 23.6       5.200
      1992  9 2 338 7.62   11.655 -87.756 10.0       5.000
      1992  9 2 550 2.54   -6.038 112.139634.2       5.800
      1992  9 2 82751.36   11.539 -87.127 10.0       5.000
      1992  9 2 919 0.97   11.301 -87.727 10.0       5.100
      1992  9 2102357.38   12.382 144.138 33.0       5.400
      1992  9 2102620.93   37.090-113.472 15.0       5.800
      1992  9 211 8 8.49   11.585 -87.872 10.0       5.100
      1992  9 2165045.46   10.452 -86.845  8.3       5.400
      1992  9 2182856.48   11.282 -86.750 10.0       5.200
      1992  9 2202942.88   11.883 -88.057 10.0       5.000
      1992  9 22127 4.58   -3.280 139.850 59.3       5.100
      1992  9 2223729.16  -12.454 -70.999 33.0       5.100
      1992  9 3 05835.00   34.655  80.098 10.0       4.800
      1992  9 3122345.54   -3.179 143.776 40.4       5.000
      1992  9 4 02121.38   11.486 -87.870 10.0       5.100
      1992  9 4 73720.07   38.541 143.242 21.4       5.100
      1992  9 4134417.01  -32.312 -71.409 77.9       5.100
      1992  9 4135728.75  -13.182 166.970149.8       5.300
      1992  9 4165153.99   12.014 -88.237 10.0       5.100
      1992  9 4224811.09   -8.508 112.555 33.0       5.000
      1992  9 520 641.90   -3.892 142.455 43.3       5.500
      1992  9 5214811.95   11.971 -87.341 10.0       5.100
      1992  9 6131238.90   11.911 -87.452 10.0       5.300
      1992  9 6234612.19   -6.936 105.637 33.0       5.100
      1992  9 7183646.41    3.343 125.321 46.6       5.000
      1992  9 8 03814.30   29.127  52.098 10.0       5.100
      1992  9 8 54142.28    4.015 -82.612 10.0       5.200
      1992  9 8113138.30  -16.656-173.467 33.0       5.600
      1992  9 8144021.71    4.071 -82.588 10.0       5.200
      1992  9 913 854.79   76.205   7.241 23.7       5.700
      1992  9 9143419.73  -31.293-177.315 33.0       5.100
      1992  9 9155812.65    2.760 124.281284.2       5.000
      1992  9 9204449.27  -23.442 178.876540.9       5.200
      1992  9 9214148.38   29.956  51.043 33.0       5.100
      1992  910104320.40  -22.518-175.052 38.7       5.500
      1992  910145437.82   76.264   7.710 29.4       5.200
      1992  91015 317.99   10.239 -86.504 26.2       5.300
      1992  9102011 0.21  -17.230 167.770 43.4       5.300
      1992  91022 946.92  -22.550-175.144 33.0       5.300
      1992  910232028.48  -22.666-174.740 33.1       5.300
      1992  911 1 1 2.63  -22.118-179.695610.8       5.100
      1992  911 35726.21   -6.091  26.680 10.0       6.700
      1992  91112 6 0.63   29.959  51.109 16.0       5.000
      1992  91117 358.98   29.838  60.602 11.8       5.000
      1992  911182414.45   30.070  60.759 33.0       5.300
      1992  91121 6 0.97   -4.338-104.636 10.0       4.800
      1992  911222454.32    4.096 126.478 64.8       5.400
      1992  912 13019.36   -6.134 146.645123.6       5.100
      1992  912 23452.18   29.988  60.674 33.0       5.000
      1992  912 32825.10  -17.175 174.342 25.9       5.300
      1992  912124557.63   24.548 124.441 29.3       5.000
      1992  912133636.56  -38.782  46.357 10.0       5.100
      1992  912145936.48   57.320-155.074 56.3       5.400
      1992  913103841.20   11.401 -86.827 33.0       5.000
      1992  913105332.34   11.516 -86.753 27.8       5.000
      1992  914131628.79   21.304 117.784 15.1       5.100
      1992  914203331.10   54.395 166.793 37.9       5.500
      1992  91423 140.76   53.076 160.003 37.0       5.000
      1992  915 228 0.48  -21.016-178.820580.7       5.200
      1992  915 4 726.47  -12.295 -14.771 10.0       5.000
      1992  915 41935.03  -36.270-100.340 10.0       5.100
      1992  915184031.74   11.019 -86.780 32.6       5.200
      1992  91521 4 0.99  -14.122 167.263195.8       6.100
      1992  916 01753.21   14.883 -45.040 10.0       5.100
      1992  916 42316.51   11.617  93.623152.9       5.200
      1992  916235148.59   12.081 -87.633 33.0       4.900
      1992  917 7 2 8.86   44.417-129.482 10.0       4.700
      1992  917 7 242.89   44.478-129.498 10.0       5.000
      1992  9171351 0.98  -21.193 168.394 33.0       5.200
      1992  917221615.39   60.034-140.570  0.1       5.400
      1992  918 1 7 2.41   23.990 122.143 33.0       5.200
      1992  918 93044.02    3.382 -83.050 33.0       5.100
      1992  918105036.03    3.424 -83.025 33.0       5.400
      1992  91910 011.75  -27.873  76.151 10.0       5.100
      1992  919223434.21  -22.908-174.768 33.0       5.100
      1992  9192328 9.73  -15.579 168.049 23.0       5.100
      1992  920 01217.85  -17.499-178.800550.0       5.200
      1992  920 45154.86  -22.280-179.512603.0       5.000
      1992  920 75946.76   37.039 -33.013 10.0       5.000
      1992  921101849.08   -7.888 -13.529 10.0       5.800
      1992  921203039.79   51.176-179.057 33.0       5.000
      1992  92214 554.85   36.327  52.703 33.0       5.100
      1992  922141510.17   -7.275 128.577 62.7       5.000
      1992  923 0 316.01  -25.285 178.273606.1       5.100
      1992  923 8 530.70    0.874 123.188 33.0       5.000
      1992  923 81054.31    0.995 123.341 34.6       5.000
      1992  923133835.22   31.119 130.158159.4       5.800
      1992  923145227.52   -6.150  26.648 10.0       5.600
      1992  923164928.91  -23.531-179.722500.0       5.000
      1992  92317 348.37  -22.484-175.105 33.0       5.100
      1992  923215918.44   29.823  51.090 33.0       5.100
      1992  924 05146.16  -59.482 -25.852 21.2       5.300
      1992  92412 821.96    1.341 123.444 23.8       5.000
      1992  924181711.01  -61.207 154.328 10.0       5.400
      1992  924201851.74  -21.146-175.839 33.0       5.000
      1992  925 75958.38   41.774  88.336  0.0       5.000
      1992  925 85741.14   -5.367 102.627 30.1       5.300
      1992  925141531.55   12.075 -87.613 33.0       5.000
      1992  92520 645.81  -54.401 -27.600 42.1       5.600
      1992  926 54550.10   64.622 -17.544 10.0       5.500
      1992  926 73921.23  -36.986  78.267 10.0       5.200
      1992  926 8 757.57  -37.235  78.138 10.0       5.000
      1992  926221557.25    1.217 129.107 25.5       5.900
      1992  92623 645.66    1.503 129.404 33.0       5.000
      1992  9262356 1.54    1.329 129.448 33.0       5.200
      1992  927 43248.51   -0.146 123.769 33.0       5.000
      1992  927 9 222.12  -31.492 -71.638 27.7       5.200
      1992  92710 439.88    1.251 129.268 26.5       5.300
      1992  92710 914.94    1.272 129.313 33.0       5.600
      1992  927174812.99   53.955-157.302 33.0       5.700
      1992  928 74128.87   13.442 -90.706 71.8       5.300
      1992  928 81717.32   -2.559 138.935 33.0       5.100
      1992  928114053.66  -19.145 169.002143.3       5.200
      1992  92814 6 2.86   24.115 122.628 29.5       5.900
      1992  928234928.48    4.429  62.488 10.0       5.300
      1992  929 01636.18    4.505  62.710 10.0       5.100
      1992  929 63443.29  -14.707 167.408 33.0       5.100
      1992  92915 9 9.90  -19.153-175.772 33.0       5.400
      1992  929151643.36   -0.220 124.109 42.7       5.300
      1992  929191545.12   19.360-103.312 95.8       5.000
      1992  930 328 0.19   51.416-178.609 33.0       5.900
      1992  930 534 0.30   51.263-178.066 33.0       6.200
      1992  930 6 325.16   51.190-178.209 33.0       5.000
      1992  930 64750.02   51.267-178.182 33.0       5.100
      1992  930 72424.63   51.070-178.030 33.0       5.300
      1992  930 94253.82   51.147-178.150 33.0       5.900
      1992  930 959 3.80   51.119-178.248 33.0       5.700
      1992  93010 525.79   51.178-178.184 33.0       5.100
      1992  9301118 2.92  -11.368 134.477 10.0       5.200
      1992  930161721.01  -16.693-173.935 33.0       5.100
      1992  93022 7 4.11   11.089 126.016 19.9       5.100
      1992  930232817.86   51.045-177.990 33.0       5.300
      1992 10 1 321 4.88  -53.598 -51.538 10.0       5.300
      1992 10 1 5 236.77   51.104-177.984 33.0       6.000
      1992 10 1 81852.06  -39.037 -74.965 29.2       5.600
      1992 10 1181321.58   -1.942 126.811 33.0       5.200
      1992 10 1181540.89  -53.659 -51.679 10.0       5.400
      1992 10 2 63034.84  -26.471-114.404 19.9       5.000
      1992 10 2105046.43  -30.746-177.603 33.0       5.000
      1992 10 2192955.98    0.295 122.615115.3       5.300
      1992 10 3 73725.84   27.508-111.368 10.0       4.900
      1992 10 3 74225.70   51.089 178.403 33.0       5.000
      1992 10 3135639.62   22.602 121.380 43.8       5.000
      1992 10 4162322.21   -6.162 147.935 66.0       5.000
      1992 10 4205844.74   47.288 151.813 33.0       5.100
      1992 10 5 15147.86   15.373 -46.018 10.0       5.000
      1992 10 51859 1.55   51.664 179.079 67.8       5.200
      1992 10 6102830.83   -5.499 151.140105.4       5.800
      1992 10 6151452.27   51.077-177.934 33.0       5.200
      1992 10 61719 8.28   51.167-177.890 33.0       5.300
      1992 10 62031 4.69   52.522 158.883 33.0       5.000
      1992 10 710 019.19   -6.558 105.438 40.0       5.100
      1992 10 8163456.06   51.142-177.834 43.0       5.600
      1992 10 9 93451.02   -0.925 -15.945 10.0       5.300
      1992 10 9121654.65   51.540-176.861 33.0       5.300
      1992 10 9124547.40   -4.245 127.659227.9       5.000
      1992 1010 1 019.98  -26.035 -70.724 33.6       5.100
      1992 1010 55226.47  -26.029 -70.723 31.5       5.200
      1992 1010 95011.50  -20.564-173.194 34.7       5.200
      1992 1010234512.62  -23.013 179.128560.5       5.000
      1992 1011192429.29  -19.276 168.913157.1       6.400
      1992 1011232034.56   50.450 153.202282.7       5.700
      1992 101213 956.35   29.888  31.223 24.7       5.900
      1992 1013 759 1.99  -28.349 -67.661162.6       5.000
      1992 1014 13618.70  -59.609 -25.992 33.0       5.000
      1992 1014 548 4.90  -57.985 -23.443 33.0       5.000
      1992 1014 75619.70   46.349 153.616 41.0       5.100
      1992 1015144025.50  -19.097 169.514 33.0       5.200
      1992 1015202819.80  -53.867   6.879 10.0       5.200
      1992 10152237 7.10  -14.455 166.628 33.0       6.100
      1992 1016 0 141.50  -19.698-174.590120.0       5.000
      1992 1016 35548.80  -23.893-179.882506.0       5.300
      1992 1016 5 251.50   51.290-178.047 33.0       5.500
      1992 1016 55430.20  -35.925 179.976 33.0       5.300
      1992 1016161519.00  -20.580 169.411 37.0       5.200
      1992 1016183315.60    0.233 122.428154.0       5.400
      1992 1017 2 558.80  -19.147 169.677 33.0       5.400
      1992 1017 25153.80  -19.258 169.547 33.0       5.700
      1992 1017 54757.50  -19.269 169.510 33.0       5.100
      1992 1017 72952.50  -19.327 168.991141.0       5.200
      1992 1017 83239.90    6.866 -76.816 10.0       6.200
      1992 1017 84216.70    6.818 -76.662 10.0       5.000
      1992 10171141 5.10  -19.260 169.486 50.0       5.300
      1992 1017181023.40  -19.308 169.613 33.0       5.300
      1992 1018 058 4.90  -10.353 117.227 33.0       5.300
      1992 1018105122.00    7.107 -76.490 10.0       5.100
      1992 10181243 9.30   -9.217 -78.662 48.0       5.000
      1992 1018125426.30  -55.268 145.978 10.0       5.100
      1992 101813 853.50   -6.294 130.221109.0       5.700
      1992 1018151159.30    7.123 -76.887 10.0       6.600
      1992 1018152525.60    7.379 -76.478 10.0       5.200
      1992 1018153428.80    6.826 -76.979 10.0       5.200
      1992 101816 349.20    6.436 -77.080 10.0       5.000
      1992 101816 544.20    6.914 -76.880 12.0       5.700
      1992 1018161446.00   42.140  73.161 21.0       5.100
      1992 1018174256.40   -6.788 105.739 82.0       5.700
      1992 1018182731.50    6.990 -76.824 18.0       5.600
      1992 101819 713.20    6.753 -76.863 14.0       5.000
      1992 1018201055.70    7.450 -76.573 13.0       5.300
      1992 1018204353.50    7.257 -76.518 15.0       5.200
      1992 1019 35852.40    6.851 -76.660 10.0       5.000
      1992 1019 5 4 2.80    7.460 -76.517 10.0       5.200
      1992 1019101110.90    3.195 -82.957 10.0       5.200
      1992 101912 330.10  -19.370 169.514 20.0       5.700
      1992 1019195633.00    7.021 -76.809 10.0       5.100
      1992 1020 11949.80  -22.417 171.533 33.0       5.200
      1992 1020 4 343.80   55.460 166.615 33.0       5.000
      1992 1020 4 8 4.60   55.455 166.550 33.0       5.000
      1992 1020 440 2.80   55.525 166.429 33.0       5.500
      1992 1020 65757.40    8.907 126.255 33.0       5.100
      1992 1020 71851.40   24.445 123.663 33.0       5.300
      1992 1020154756.70  -24.390-176.210 64.0       5.500
      1992 10201628 1.60   15.104 -60.227 33.0       5.000
      1992 1020214311.00  -21.783-178.616550.0       5.000
      1992 1021121115.36   -6.902 144.168 31.7       5.800
      1992 102113 335.06   -3.444 130.683 33.0       5.200
      1992 1021202652.51    7.380 126.664 33.0       5.000
      1992 1022 9 424.97  -29.997-177.276 33.0       6.000
      1992 1022 93150.94  -28.908-176.385 32.4       5.100
      1992 1022182556.90   -4.207 126.133320.1       5.200
      1992 1022185643.57  -29.765-177.168 41.4       5.100
      1992 102220 013.99  -29.733-176.774 33.0       5.000
      1992 102223 831.84  -29.738-177.218 42.2       5.700
      1992 1022234452.69  -29.672-176.875 33.0       5.000
      1992 1023 05751.72  -29.896-177.098 33.0       5.300
      1992 1023 14042.59  -29.797-176.942 33.0       5.000
      1992 1023 428 0.74  -29.574-178.171 33.0       4.900
      1992 1023 45243.65    2.625 -79.803 10.0       5.000
      1992 1023 911 8.95   31.347  -4.331 28.3       5.200
      1992 1023 928 2.65    6.662 -77.235 10.0       5.200
      1992 1023103951.43   30.247 142.347 33.0       5.000
      1992 102313 441.12   -5.332 152.592 33.0       5.600
      1992 1023152912.77   -5.278 152.649 33.0       5.500
      1992 102316 611.68   -5.889 104.954 33.0       5.000
      1992 1023164543.97   -5.287 152.643 33.0       5.100
      1992 1023172837.07   -5.353 152.724 33.0       5.000
      1992 1023191642.91   -5.313 152.639 30.1       5.400
      1992 1023212436.43   -9.480 122.575 33.0       5.900
      1992 1023231947.26   42.503  45.073 33.0       6.200
      1992 1024 05952.43  -29.605-177.237 33.0       5.200
      1992 1024 823 4.31  -29.439-177.384 41.2       5.800
      1992 1024 92637.40   -5.320 152.639 33.0       5.000
      1992 1024114718.82  -29.675-177.223 33.0       5.100
      1992 1024133910.35  -29.675-177.253 33.0       5.200
      1992 1024134651.86  -29.693-177.186 33.0       5.000
      1992 1024185957.20   -5.779 145.449109.2       5.500
      1992 10242216 6.65   11.853 141.968 33.0       5.400
      1992 102423 033.95  -29.662-177.325 39.9       5.500
      1992 1025 02919.42  -29.631-177.317 28.1       5.700
      1992 102515 0 4.74   -5.893 103.774 33.0       5.200
      1992 1026 42919.43    7.613 -76.437 10.0       5.000
      1992 1026132950.91   -3.019 138.694 78.4       5.000
      1992 1026144716.52  -17.777 179.377688.7       5.500
      1992 1026223647.76   -7.906 122.815223.6       5.300
      1992 1028 7 2 8.84   18.880  96.292 33.0       5.700
      1992 1029 44852.23  -17.485-179.323574.2       5.100
      1992 1029 72423.37   -6.632 154.679 33.0       5.300
      1992 1029 72957.64    6.821 124.060 33.0       5.500
      1992 102914 016.23   -2.320 141.169 33.0       5.000
      1992 1029143917.09  -29.258 -71.096 46.2       5.400
      1992 102915 430.72    6.763 126.967 33.0       5.400
      1992 1029152748.47  -29.270-178.343 33.0       5.400
      1992 1029164922.01  -21.063-178.852661.6       5.000
      1992 1029224448.97    7.114 -76.803 49.6       5.000
      1992 1030 24949.47   29.966 138.933405.9       5.900
      1992 1030101538.28   -5.445 151.150107.4       5.100
      1992 1030104358.55   31.295  -4.429 24.8       5.100
      1992 1030145617.94  -31.169-178.417 51.7       5.200
      1992 1031113139.89  -21.014-179.020637.1       5.000
      1992 1031143426.77   -2.387 141.223 33.0       5.800
      1992 1031144627.77   -2.265 141.172 33.0       5.800
      1992 103115 425.92   -2.382 141.149 33.0       5.000
      1992 1031152929.64   -2.384 141.240 33.0       5.300
      1992 11 1 11253.48  -14.802 166.776 33.0       5.000
      1992 11 1 72439.15   -5.596 154.334142.1       5.000
      1992 11 1 75125.71  -48.777  -8.448 10.0       5.300
      1992 11 1 82353.11   64.031-149.743146.7       5.000
      1992 11 1 93642.27  -28.977 -69.522109.6       5.600
      1992 11 110 317.86  -55.616 -27.440 33.0       5.400
      1992 11 1174746.41   -2.314 141.348 29.1       5.200
      1992 11 12058 4.93    1.742 127.260120.0       5.300
      1992 11 2203628.29  -29.453-176.704 41.6       5.000
      1992 11 3154131.01  -23.352 -70.003 31.1       5.200
      1992 11 4 15926.71  -61.515 154.395 10.0       5.600
      1992 11 4 453 4.25  -35.866-102.350 10.0       5.000
      1992 11 4181317.24  -14.156 167.493 33.0       6.000
      1992 11 42031 4.40   -0.564 -17.449 10.0       5.000
      1992 11 4213236.44  -31.630 -71.553 37.1       5.800
      1992 11 5 6 938.65  -14.101 167.512 33.0       5.300
      1992 11 5195324.73   -5.257 152.509 34.7       5.800
      1992 11 52225 5.24   -5.244 152.587 22.4       5.300
      1992 11 6 72156.89   40.988  72.506 33.0       5.100
      1992 11 6123259.21   18.924 145.936 33.0       5.100
      1992 11 6165943.77  -14.383 167.643 33.0       5.000
      1992 11 619 8 8.90   38.078  26.947 16.6       5.700
      1992 11 6205136.83  -11.486 -75.188 10.0       5.300
      1992 11 7143715.62    1.712 127.414 93.2       5.200
      1992 11 8 23741.37  -55.947 -26.714 33.0       5.200
      1992 11 8 34323.53  -15.759-179.721 33.0       5.700
      1992 11 8102252.94  -23.519 -70.351 31.1       5.400
      1992 11 8104123.78  -23.462 -70.355 27.8       5.200
      1992 11 8181858.72   33.570 141.973 46.3       5.600
      1992 11 8192850.39   -8.944 119.263114.7       5.400
      1992 11 82050 9.37   38.611  69.813 33.0       5.300
      1992 11 9 12713.81  -20.995-174.180 33.0       5.100
      1992 1110 81332.87  -55.823 -26.907 33.0       5.400
      1992 1110 95813.38   51.474-177.610 54.9       5.700
      1992 1110103053.41   -7.227 129.193169.5       5.400
      1992 111021 854.14   53.867 160.763 33.0       5.600
      1992 1110225856.25   23.709 143.162 33.0       5.200
      1992 1111 01849.25   -2.907 141.532 33.0       5.600
      1992 1111 03127.05   -7.337 156.201 33.0       5.100
      1992 1111212614.11   51.184-179.243 33.0       5.700
      1992 1112 11651.17  -14.354 167.731 33.0       5.200
      1992 111215 038.90  -53.773 -51.560 10.0       5.800
      1992 11121653 9.67   -5.235 152.642 33.0       5.100
      1992 11122041 4.72   36.459  70.845198.4       5.600
      1992 1112222858.49  -22.352-178.084367.8       5.900
      1992 1114 55446.29  -23.039  45.711 10.0       5.000
      1992 11141636 2.73   -2.924 141.605 33.0       5.000
      1992 11151557 6.56  -11.478 115.004 33.0       5.000
      1992 1117 23850.24   33.788  67.528 33.0       5.200
      1992 1117 42416.49  -30.576 -71.131 54.0       5.700
      1992 1117 64639.78   -5.806 130.562 33.0       5.700
      1992 1118 4 431.59  -15.953-173.928 85.8       5.200
      1992 1118 73937.63  -21.899 -68.403139.4       5.100
      1992 111816 2 8.69   -6.992 129.926127.2       5.100
      1992 1118163646.80  -16.672 167.030 33.0       5.300
      1992 1118211040.89   38.300  22.428 10.0       5.900
      1992 1118212610.87   -7.378 106.177 33.0       5.300
      1992 1119 04927.14   31.129 131.460 35.8       5.000
      1992 1119 05310.60   31.117 131.458 34.1       5.100
      1992 1119 21315.50  -23.236 179.996500.0       5.200
      1992 1119 44233.48    0.396 124.418160.5       5.200
      1992 1119123748.98  -13.399 166.739 23.7       5.100
      1992 1120 14523.19  -23.064 -66.275253.5       5.100
      1992 1120 34614.73  -31.142 -13.515 10.0       5.100
      1992 112023 716.58   50.148 143.439 34.4       5.000
      1992 1121 3 4 9.18   -8.663 110.462 57.0       5.200
      1992 1121 34332.30  -15.908-173.167 24.6       5.200
      1992 1121 5 722.77   35.931  22.443 70.2       5.900
      1992 1121 82142.17   52.300-168.650 33.0       5.000
      1992 1121 85710.43   52.302-168.668 33.0       5.000
      1992 1121125549.21   45.690  26.620137.0       5.000
      1992 1121182733.35  -16.027-176.161379.7       5.000
      1992 1121223935.01  -56.664 -26.546 33.0       5.900
      1992 1121231150.84  -56.296 -25.575 33.0       5.400
      1992 1122 02751.63  -56.388 -25.701 33.0       5.400
      1992 1122 21551.52  -56.271 -25.591 33.0       5.200
      1992 1122114246.59   20.354  94.355 68.7       5.300
      1992 1122151558.67  -56.390 -25.486 33.0       4.600
      1992 1122173519.95  -19.603-173.799 19.6       5.500
      1992 11222111 7.09  -29.269 -71.107 44.4       5.100
      1992 1123195722.51   -1.735  67.540 10.0       5.100
      1992 11232311 9.17   38.565  72.621 63.1       5.600
      1992 1124 05345.46   51.210 179.133 33.0       5.500
      1992 1124 51421.97  -33.473 -72.942 31.5       5.100
      1992 1124 7 251.28    1.480 126.969102.2       5.100
      1992 112412 335.91    1.364-101.322 10.0       5.200
      1992 11242343 2.65   -0.092 122.845192.5       5.500
      1992 1125 6 226.21   -4.090 102.178 65.2       5.700
      1992 112510 331.80    2.489 128.557 27.3       5.400
      1992 1125101630.18    2.536 128.514 22.4       5.600
      1992 1125125525.16  -56.105 -26.706 10.0       5.000
      1992 1125135751.42  -20.096 -69.077151.5       5.000
      1992 11251748 0.52  -13.420 166.258 33.0       5.300
      1992 1125175811.12  -13.472 166.386 33.0       5.300
      1992 1126 72722.57   -5.789 150.560 33.0       5.000
      1992 1126194923.16  -18.267 178.520655.9       5.200
      1992 1127 15438.88   54.958 162.011 26.4       5.300
      1992 11271217 5.67   15.918 -61.302104.9       5.000
      1992 1127135055.67    2.500 128.724 19.8       5.500
      1992 112716 057.48   34.340-116.900  1.5       5.100
      1992 112716 9 9.20   41.998  89.295 13.4       5.200
      1992 112720 157.60   27.622 130.218 33.0       5.000
      1992 112721 916.56   37.390  59.860 24.2       5.100
      1992 1128 31337.02  -31.395 -71.944 38.6       5.900
      1992 1128 63210.93    2.845 126.905 33.0       5.100
      1992 1128152241.77  -22.611-176.783133.6       5.000
      1992 1128174539.86    2.592 128.764 33.0       5.400
      1992 1128235347.38  -16.845-177.225 33.0       4.900
      1992 1129 3 411.88  -29.874-177.491 50.6       5.000
      1992 1129 41849.25    8.197 126.562 65.3       5.100
      1992 1130 93236.03   35.644 -34.578 10.0       6.000
      1992 1130232912.56  -17.559-178.681519.0       5.000
      1992 12 1 02322.11  -20.793 169.198 27.3       5.800
      1992 12 118 426.86   -4.043 134.847 33.0       4.900
      1992 12 1184345.30  -22.155 174.203 33.0       5.000
      1992 12 218 345.70   61.680-150.990 67.0       5.500
      1992 12 3 62837.70  -48.113  -9.870 10.0       5.200
      1992 12 3112338.50   -6.070 130.375162.0       5.300
      1992 12 3192641.30   -6.428 130.013146.0       5.100
      1992 12 4 2 857.50   34.368-116.897  3.0       5.200
      1992 12 4 53616.10   48.333 153.367108.0       5.000
      1992 12 4 81918.80  -19.481-177.983455.0       5.000
      1992 12 4113636.30   37.781  72.181122.0       5.800
      1992 12 41948 4.50  -19.512-173.427 33.0       5.400
      1992 12 4203842.50    1.002 126.029 43.0       5.300
      1992 12 42358 7.70  -21.330 -68.464118.0       5.000
      1992 12 5143721.90   -9.740 159.729 33.0       5.000
      1992 12 6 04037.40    1.627 -75.738 45.0       5.000
      1992 12 6 14353.10   10.880  57.263 10.0       5.200
      1992 12 6 34429.60   37.749  72.180127.0       5.600
      1992 12 6 65650.30   39.712 143.718 12.0       5.000
      1992 12 6222317.20   -4.830 103.373102.0       5.000
      1992 12 7 21142.90   43.912 147.145 51.0       5.900
      1992 12 7 4 646.50  -23.882 -66.614203.0       5.000
      1992 12 7 54940.90   43.690 147.221 67.0       5.100
      1992 12 71458 2.80    5.958 125.915153.0       5.000
      1992 12 8 22426.10  -15.409 167.971 33.0       5.700
      1992 12 8 4 828.10    3.408 125.817 93.0       5.000
      1992 12 8 52253.90   50.515 157.431 37.0       5.100
      1992 12 8 62845.80    9.975-104.088 10.0       4.900
      1992 12 8 7 839.70    9.192  93.493 66.0       6.000
      1992 12 81554 1.00  -27.277-176.041 33.0       5.300
      1992 12 9 23726.64   28.807 130.901 35.7       5.100
      1992 12 9 51241.48   39.763 143.643 14.4       5.100
      1992 12 9 62743.64  -56.543-142.600 10.0       5.800
      1992 12 9162232.94  -17.970-178.116617.5       5.000
      1992 1210135438.02  -24.240 178.895531.6       5.200
      1992 1211 22253.15  -17.324 167.642 33.0       5.300
      1992 1211 65726.72  -15.111  67.086 10.0       5.100
      1992 1211133137.99  -18.039-172.840 33.0       5.000
      1992 1211221256.03  -59.552 -26.130 33.0       5.600
      1992 1212 5 2 4.35   34.346 141.688 21.0       5.000
      1992 1212 52927.46   -8.512 121.891 34.6       6.700
      1992 1212 63831.39   -8.507 121.957 33.0       6.000
      1992 1212 73234.56   -8.531 122.113 33.0       5.100
      1992 1212102929.22  -16.832-172.837 33.0       5.100
      1992 1212103650.51   -8.587 122.782 33.0       5.000
      1992 12121230 4.05   -8.457 122.386 33.0       5.200
      1992 12121345 0.05  -17.815-178.678550.0       5.100
      1992 1212142056.31   25.377  91.383 38.8       5.000
      1992 1212145423.26   -8.419 122.225 33.0       5.100
      1992 1212191918.60   -8.562 122.188 33.0       5.200
      1992 1212214310.47   -8.511 121.990 26.5       5.400
      1992 1212222349.50   -8.335 122.579 32.9       5.400
      1992 1212233636.17   -8.254 122.713 33.0       5.000
      1992 1213173337.58   -8.841 122.076 33.0       5.000
      1992 1214 24559.46   13.759 144.974 94.7       5.000
      1992 1214 252 8.08   52.108 178.751130.5       5.200
      1992 1214 741 1.47  -13.973 170.718634.4       5.400
      1992 12141913 3.63  -33.637 179.594222.9       5.400
      1992 1215 35025.76  -30.213-177.077 33.0       5.000
      1992 12151041 6.98   -8.200 122.650 33.0       5.000
      1992 12151246 6.36    8.566 126.633 33.0       5.200
      1992 1216 94941.92  -17.325  66.965 10.0       5.100
      1992 1216172254.89   -8.571 121.994 28.8       5.000
      1992 1217 91919.04   18.411-105.472 33.0       5.100
      1992 1217103928.85   25.891  61.460 33.0       5.700
      1992 1217141933.84   -8.445 122.188 33.0       5.100
      1992 1217174312.72   37.387  68.918 38.0       5.300
      1992 1217185658.84   -8.273 121.698 33.0       5.500
      1992 1218 21757.95  -57.285 -25.733 33.0       5.500
      1992 1218 314 4.83   -6.520 147.164 33.0       6.000
      1992 12181458 9.91   -8.075 123.084 33.0       5.000
      1992 1219 644 2.26  -11.336 166.229 44.8       5.700
      1992 1219121422.43   51.875 158.510 55.7       6.100
      1992 1219215723.15    0.017 123.666141.4       5.500
      1992 1220 0 855.11  -18.764-175.394263.2       5.100
      1992 1220 34947.05   -2.583 133.820 33.0       5.100
      1992 1220 358 5.02   -8.177 122.476 33.0       5.000
      1992 1220 51910.22   47.828 154.603 33.7       5.300
      1992 1220162322.71  -14.683-177.036 33.0       5.000
      1992 1220163846.81  -25.536 179.510499.1       5.400
      1992 1220193749.82   37.066  96.612 33.0       5.000
      1992 1220205242.55   -6.509 130.391 33.0       6.600
      1992 1220211916.46   -6.585 130.421 33.0       5.400
      1992 1221 61339.18   52.048 179.026112.4       5.600
      1992 1221214547.49  -10.449 123.383 33.0       5.200
      1992 1222 45418.13   -6.642 130.479 78.3       5.800
      1992 1222101557.16   -3.323 131.029 55.7       5.000
      1992 1222111911.97   -6.490 130.523102.8       5.100
      1992 1222164234.34   34.414  88.003 14.5       5.000
      1992 1223 220 4.79  -20.100 -68.859105.4       5.400
      1992 1223 3 045.52   -6.517 130.387105.2       5.900
      1992 1223 54641.35   -6.692 130.449 35.7       5.100
      1992 1223 55621.04    0.248 120.908102.5       5.000
      1992 1223 71833.10   10.122 -84.723 33.0       5.000
      1992 1224 0 325.35    2.530 126.733 26.7       5.600
      1992 1224 02252.64   -2.961 130.338 59.0       5.300
      1992 1224 03419.18  -15.294-173.110 67.8       5.800
      1992 1224 5 947.03   42.183  72.202 33.0       5.200
      1992 1224 55336.35  -20.425-177.686502.1       5.000
      1992 122422 2 4.85  -16.369 178.186 10.0       5.000
      1992 1225153148.90   -5.787 102.987 33.0       5.000
      1992 1226 14355.51    2.102 127.354118.7       5.100
      1992 1226 6 2 3.85   -5.617 152.813 49.0       5.600
      1992 1226 65529.02   13.185 145.410 61.0       5.000
      1992 1226114450.60   36.362  71.255 89.2       5.100
      1992 1226145738.68   -0.996 -78.111 10.0       5.800
      1992 1226161753.42   -8.434 122.230 48.7       5.100
      1992 1226191425.61  -32.450-178.264 10.0       5.600
      1992 1226193812.34  -32.303-178.310 33.0       5.300
      1992 1226195224.72   -0.565 -19.288 26.9       5.700
      1992 12262211 5.49   43.922-127.869 10.0       5.200
      1992 12272149 5.45   -6.114 113.063610.2       5.800
      1992 1227235847.12  -34.354-101.462 10.0       5.300
      1992 1228 01617.58  -34.300-101.485 10.0       5.300
      1992 1228 42436.92   -8.267 122.414 33.0       5.300
      1992 1228 53125.36  -33.938-101.258 10.0       5.200
      1992 1228 84541.50   26.045  67.318 33.0       5.200
      1992 1228195249.05   19.496 -64.600 27.6       5.300
      1992 1228202443.93   -3.759 127.987110.0       5.200
      1992 1229 12542.41    2.388 126.728 58.2       5.200
      1992 1229 15723.96   -0.031 122.860198.6       5.300
      1992 1229203143.23  -31.695 -67.310131.4       5.000
      1992 1229211725.06   -9.234 123.981 33.0       5.600
      1992 1230 43011.78  -20.302  68.057 10.0       5.300
      1992 1230 62527.01   -7.972 159.001 51.1       5.500
      1992 1230101334.75   -3.464 130.922 33.0       5.000
      1992 1230191721.09   -6.139 149.040 68.5       5.300
      1992 1231 25033.05  -26.494  75.135 10.0       5.200
      1992 1231 4 1 4.11  -31.512 -68.160120.5       5.300
      1992 1231 7 244.73   38.820 142.405 40.7       5.500
      1992 1231 726 6.16   38.873 142.473 38.9       5.400
      1992 1231201714.20  -31.983-178.167 59.6       5.700
